 0.4000    0.00     0.00     0.00  -1.0000   0.398537E-01   0.000000E+00   0.000000E+00   0.000000E+00
 0.4000    0.00     0.00     5.00  -0.9962   0.397981E-01  -0.147163E-03   0.000000E+00   0.000000E+00
 0.4000    0.00     0.00    10.00  -0.9848   0.396331E-01  -0.588218E-03   0.000000E+00   0.000000E+00
 0.4000    0.00     0.00    15.00  -0.9659   0.393646E-01  -0.132185E-02   0.000000E+00   0.000000E+00
 0.4000    0.00     0.00    20.00  -0.9397   0.390021E-01  -0.234585E-02   0.000000E+00   0.000000E+00
 0.4000    0.00     0.00    25.00  -0.9063   0.385595E-01  -0.365695E-02   0.000000E+00   0.000000E+00
 0.4000    0.00     0.00    30.00  -0.8660   0.380542E-01  -0.525073E-02   0.000000E+00   0.000000E+00
 0.4000    0.00     0.00    35.00  -0.8192   0.375081E-01  -0.712103E-02   0.000000E+00   0.000000E+00
 0.4000    0.00     0.00    40.00  -0.7660   0.369465E-01  -0.925916E-02   0.000000E+00   0.000000E+00
 0.4000    0.00     0.00    45.00  -0.7071   0.363976E-01  -0.116520E-01   0.000000E+00   0.000000E+00
 0.4000    0.00     0.00    50.00  -0.6428   0.358905E-01  -0.142786E-01   0.000000E+00   0.000000E+00
 0.4000    0.00     0.00    55.00  -0.5736   0.354503E-01  -0.171029E-01   0.000000E+00   0.000000E+00
 0.4000    0.00     0.00    60.00  -0.5000   0.350874E-01  -0.200598E-01   0.000000E+00   0.000000E+00
 0.4000    0.00     0.00    65.00  -0.4226   0.347736E-01  -0.230259E-01   0.000000E+00   0.000000E+00
 0.4000    0.00     0.00    70.00  -0.3420   0.343880E-01  -0.257588E-01   0.000000E+00   0.000000E+00
 0.4000    0.00     0.00    75.00  -0.2588   0.335971E-01  -0.277687E-01   0.000000E+00   0.000000E+00
 0.4000    0.00     0.00    80.00  -0.1736   0.315886E-01  -0.280548E-01   0.000000E+00   0.000000E+00
 0.4000    0.00     0.00    85.00  -0.0872   0.264933E-01  -0.245846E-01   0.000000E+00   0.000000E+00
 0.4000    0.00    45.00     0.00  -1.0000   0.398537E-01   0.000000E+00   0.000000E+00   0.000000E+00
 0.4000    0.00    45.00     5.00  -0.9962   0.397981E-01  -0.147163E-03   0.000000E+00   0.000000E+00
 0.4000    0.00    45.00    10.00  -0.9848   0.396331E-01  -0.588218E-03   0.000000E+00   0.000000E+00
 0.4000    0.00    45.00    15.00  -0.9659   0.393646E-01  -0.132185E-02   0.000000E+00   0.000000E+00
 0.4000    0.00    45.00    20.00  -0.9397   0.390021E-01  -0.234585E-02   0.000000E+00   0.000000E+00
 0.4000    0.00    45.00    25.00  -0.9063   0.385595E-01  -0.365695E-02   0.000000E+00   0.000000E+00
 0.4000    0.00    45.00    30.00  -0.8660   0.380542E-01  -0.525073E-02   0.000000E+00   0.000000E+00
 0.4000    0.00    45.00    35.00  -0.8192   0.375081E-01  -0.712103E-02   0.000000E+00   0.000000E+00
 0.4000    0.00    45.00    40.00  -0.7660   0.369465E-01  -0.925916E-02   0.000000E+00   0.000000E+00
 0.4000    0.00    45.00    45.00  -0.7071   0.363976E-01  -0.116520E-01   0.000000E+00   0.000000E+00
 0.4000    0.00    45.00    50.00  -0.6428   0.358905E-01  -0.142786E-01   0.000000E+00   0.000000E+00
 0.4000    0.00    45.00    55.00  -0.5736   0.354503E-01  -0.171029E-01   0.000000E+00   0.000000E+00
 0.4000    0.00    45.00    60.00  -0.5000   0.350874E-01  -0.200598E-01   0.000000E+00   0.000000E+00
 0.4000    0.00    45.00    65.00  -0.4226   0.347736E-01  -0.230259E-01   0.000000E+00   0.000000E+00
 0.4000    0.00    45.00    70.00  -0.3420   0.343880E-01  -0.257588E-01   0.000000E+00   0.000000E+00
 0.4000    0.00    45.00    75.00  -0.2588   0.335971E-01  -0.277687E-01   0.000000E+00   0.000000E+00
 0.4000    0.00    45.00    80.00  -0.1736   0.315886E-01  -0.280548E-01   0.000000E+00   0.000000E+00
 0.4000    0.00    45.00    85.00  -0.0872   0.264933E-01  -0.245846E-01   0.000000E+00   0.000000E+00
 0.4000    0.00    90.00     0.00  -1.0000   0.398537E-01   0.000000E+00   0.000000E+00   0.000000E+00
 0.4000    0.00    90.00     5.00  -0.9962   0.397981E-01  -0.147163E-03   0.000000E+00   0.000000E+00
 0.4000    0.00    90.00    10.00  -0.9848   0.396331E-01  -0.588218E-03   0.000000E+00   0.000000E+00
 0.4000    0.00    90.00    15.00  -0.9659   0.393646E-01  -0.132185E-02   0.000000E+00   0.000000E+00
 0.4000    0.00    90.00    20.00  -0.9397   0.390021E-01  -0.234585E-02   0.000000E+00   0.000000E+00
 0.4000    0.00    90.00    25.00  -0.9063   0.385595E-01  -0.365695E-02   0.000000E+00   0.000000E+00
 0.4000    0.00    90.00    30.00  -0.8660   0.380542E-01  -0.525073E-02   0.000000E+00   0.000000E+00
 0.4000    0.00    90.00    35.00  -0.8192   0.375081E-01  -0.712103E-02   0.000000E+00   0.000000E+00
 0.4000    0.00    90.00    40.00  -0.7660   0.369465E-01  -0.925916E-02   0.000000E+00   0.000000E+00
 0.4000    0.00    90.00    45.00  -0.7071   0.363976E-01  -0.116520E-01   0.000000E+00   0.000000E+00
 0.4000    0.00    90.00    50.00  -0.6428   0.358905E-01  -0.142786E-01   0.000000E+00   0.000000E+00
 0.4000    0.00    90.00    55.00  -0.5736   0.354503E-01  -0.171029E-01   0.000000E+00   0.000000E+00
 0.4000    0.00    90.00    60.00  -0.5000   0.350874E-01  -0.200598E-01   0.000000E+00   0.000000E+00
 0.4000    0.00    90.00    65.00  -0.4226   0.347736E-01  -0.230259E-01   0.000000E+00   0.000000E+00
 0.4000    0.00    90.00    70.00  -0.3420   0.343880E-01  -0.257588E-01   0.000000E+00   0.000000E+00
 0.4000    0.00    90.00    75.00  -0.2588   0.335971E-01  -0.277687E-01   0.000000E+00   0.000000E+00
 0.4000    0.00    90.00    80.00  -0.1736   0.315886E-01  -0.280548E-01   0.000000E+00   0.000000E+00
 0.4000    0.00    90.00    85.00  -0.0872   0.264933E-01  -0.245846E-01   0.000000E+00   0.000000E+00
 0.4000    0.00   135.00     0.00  -1.0000   0.398537E-01   0.000000E+00   0.000000E+00   0.000000E+00
 0.4000    0.00   135.00     5.00  -0.9962   0.397981E-01  -0.147163E-03   0.000000E+00   0.000000E+00
 0.4000    0.00   135.00    10.00  -0.9848   0.396331E-01  -0.588218E-03   0.000000E+00   0.000000E+00
 0.4000    0.00   135.00    15.00  -0.9659   0.393646E-01  -0.132185E-02   0.000000E+00   0.000000E+00
 0.4000    0.00   135.00    20.00  -0.9397   0.390021E-01  -0.234585E-02   0.000000E+00   0.000000E+00
 0.4000    0.00   135.00    25.00  -0.9063   0.385595E-01  -0.365695E-02   0.000000E+00   0.000000E+00
 0.4000    0.00   135.00    30.00  -0.8660   0.380542E-01  -0.525073E-02   0.000000E+00   0.000000E+00
 0.4000    0.00   135.00    35.00  -0.8192   0.375081E-01  -0.712103E-02   0.000000E+00   0.000000E+00
 0.4000    0.00   135.00    40.00  -0.7660   0.369465E-01  -0.925916E-02   0.000000E+00   0.000000E+00
 0.4000    0.00   135.00    45.00  -0.7071   0.363976E-01  -0.116520E-01   0.000000E+00   0.000000E+00
 0.4000    0.00   135.00    50.00  -0.6428   0.358905E-01  -0.142786E-01   0.000000E+00   0.000000E+00
 0.4000    0.00   135.00    55.00  -0.5736   0.354503E-01  -0.171029E-01   0.000000E+00   0.000000E+00
 0.4000    0.00   135.00    60.00  -0.5000   0.350874E-01  -0.200598E-01   0.000000E+00   0.000000E+00
 0.4000    0.00   135.00    65.00  -0.4226   0.347736E-01  -0.230259E-01   0.000000E+00   0.000000E+00
 0.4000    0.00   135.00    70.00  -0.3420   0.343880E-01  -0.257588E-01   0.000000E+00   0.000000E+00
 0.4000    0.00   135.00    75.00  -0.2588   0.335971E-01  -0.277687E-01   0.000000E+00   0.000000E+00
 0.4000    0.00   135.00    80.00  -0.1736   0.315886E-01  -0.280548E-01   0.000000E+00   0.000000E+00
 0.4000    0.00   135.00    85.00  -0.0872   0.264933E-01  -0.245846E-01   0.000000E+00   0.000000E+00
 0.4000    0.00   180.00     0.00  -1.0000   0.398537E-01   0.000000E+00   0.000000E+00   0.000000E+00
 0.4000    0.00   180.00     5.00  -0.9962   0.397981E-01  -0.147163E-03   0.000000E+00   0.000000E+00
 0.4000    0.00   180.00    10.00  -0.9848   0.396331E-01  -0.588218E-03   0.000000E+00   0.000000E+00
 0.4000    0.00   180.00    15.00  -0.9659   0.393646E-01  -0.132185E-02   0.000000E+00   0.000000E+00
 0.4000    0.00   180.00    20.00  -0.9397   0.390021E-01  -0.234585E-02   0.000000E+00   0.000000E+00
 0.4000    0.00   180.00    25.00  -0.9063   0.385595E-01  -0.365695E-02   0.000000E+00   0.000000E+00
 0.4000    0.00   180.00    30.00  -0.8660   0.380542E-01  -0.525073E-02   0.000000E+00   0.000000E+00
 0.4000    0.00   180.00    35.00  -0.8192   0.375081E-01  -0.712103E-02   0.000000E+00   0.000000E+00
 0.4000    0.00   180.00    40.00  -0.7660   0.369465E-01  -0.925916E-02   0.000000E+00   0.000000E+00
 0.4000    0.00   180.00    45.00  -0.7071   0.363976E-01  -0.116520E-01   0.000000E+00   0.000000E+00
 0.4000    0.00   180.00    50.00  -0.6428   0.358905E-01  -0.142786E-01   0.000000E+00   0.000000E+00
 0.4000    0.00   180.00    55.00  -0.5736   0.354503E-01  -0.171029E-01   0.000000E+00   0.000000E+00
 0.4000    0.00   180.00    60.00  -0.5000   0.350874E-01  -0.200598E-01   0.000000E+00   0.000000E+00
 0.4000    0.00   180.00    65.00  -0.4226   0.347736E-01  -0.230259E-01   0.000000E+00   0.000000E+00
 0.4000    0.00   180.00    70.00  -0.3420   0.343880E-01  -0.257588E-01   0.000000E+00   0.000000E+00
 0.4000    0.00   180.00    75.00  -0.2588   0.335971E-01  -0.277687E-01   0.000000E+00   0.000000E+00
 0.4000    0.00   180.00    80.00  -0.1736   0.315886E-01  -0.280548E-01   0.000000E+00   0.000000E+00
 0.4000    0.00   180.00    85.00  -0.0872   0.264933E-01  -0.245846E-01   0.000000E+00   0.000000E+00
 0.4000   10.00     0.00     0.00  -1.0000   0.390310E-01  -0.579282E-03   0.000000E+00   0.000000E+00
 0.4000   10.00     0.00     5.00  -0.9962   0.384115E-01  -0.128985E-02   0.000000E+00   0.000000E+00
 0.4000   10.00     0.00    10.00  -0.9848   0.377082E-01  -0.226802E-02   0.000000E+00   0.000000E+00
 0.4000   10.00     0.00    15.00  -0.9659   0.369362E-01  -0.350301E-02   0.000000E+00   0.000000E+00
 0.4000   10.00     0.00    20.00  -0.9397   0.361148E-01  -0.498312E-02   0.000000E+00   0.000000E+00
 0.4000   10.00     0.00    25.00  -0.9063   0.352670E-01  -0.669556E-02   0.000000E+00   0.000000E+00
 0.4000   10.00     0.00    30.00  -0.8660   0.344205E-01  -0.862613E-02   0.000000E+00   0.000000E+00
 0.4000   10.00     0.00    35.00  -0.8192   0.336070E-01  -0.107587E-01   0.000000E+00   0.000000E+00
 0.4000   10.00     0.00    40.00  -0.7660   0.328624E-01  -0.130739E-01   0.000000E+00   0.000000E+00
 0.4000   10.00     0.00    45.00  -0.7071   0.322266E-01  -0.155477E-01   0.000000E+00   0.000000E+00
 0.4000   10.00     0.00    50.00  -0.6428   0.317412E-01  -0.181467E-01   0.000000E+00   0.000000E+00
 0.4000   10.00     0.00    55.00  -0.5736   0.314452E-01  -0.208220E-01   0.000000E+00   0.000000E+00
 0.4000   10.00     0.00    60.00  -0.5000   0.313646E-01  -0.234941E-01   0.000000E+00   0.000000E+00
 0.4000   10.00     0.00    65.00  -0.4226   0.314882E-01  -0.260257E-01   0.000000E+00   0.000000E+00
 0.4000   10.00     0.00    70.00  -0.3420   0.317107E-01  -0.281632E-01   0.000000E+00   0.000000E+00
 0.4000   10.00     0.00    75.00  -0.2588   0.317039E-01  -0.294198E-01   0.000000E+00   0.000000E+00
 0.4000   10.00     0.00    80.00  -0.1736   0.306225E-01  -0.288387E-01   0.000000E+00   0.000000E+00
 0.4000   10.00     0.00    85.00  -0.0872   0.264479E-01  -0.245425E-01   0.000000E+00   0.000000E+00
 0.4000   10.00    45.00     0.00  -1.0000   0.390310E-01  -0.128626E-18  -0.579282E-03   0.000000E+00
 0.4000   10.00    45.00     5.00  -0.9962   0.385768E-01  -0.543968E-03  -0.984269E-03   0.000000E+00
 0.4000   10.00    45.00    10.00  -0.9848   0.380315E-01  -0.136006E-02  -0.138999E-02   0.000000E+00
 0.4000   10.00    45.00    15.00  -0.9659   0.374076E-01  -0.244023E-02  -0.179891E-02   0.000000E+00
 0.4000   10.00    45.00    20.00  -0.9397   0.367213E-01  -0.377549E-02  -0.221352E-02   0.000000E+00
 0.4000   10.00    45.00    25.00  -0.9063   0.359931E-01  -0.535579E-02  -0.263631E-02   0.000000E+00
 0.4000   10.00    45.00    30.00  -0.8660   0.352474E-01  -0.716967E-02  -0.306977E-02   0.000000E+00
 0.4000   10.00    45.00    35.00  -0.8192   0.345130E-01  -0.920381E-02  -0.351630E-02   0.000000E+00
 0.4000   10.00    45.00    40.00  -0.7660   0.338226E-01  -0.114420E-01  -0.397803E-02   0.000000E+00
 0.4000   10.00    45.00    45.00  -0.7071   0.332125E-01  -0.138631E-01  -0.445643E-02   0.000000E+00
 0.4000   10.00    45.00    50.00  -0.6428   0.327206E-01  -0.164377E-01  -0.495154E-02   0.000000E+00
 0.4000   10.00    45.00    55.00  -0.5736   0.323818E-01  -0.191209E-01  -0.546037E-02   0.000000E+00
 0.4000   10.00    45.00    60.00  -0.5000   0.322179E-01  -0.218386E-01  -0.597371E-02   0.000000E+00
 0.4000   10.00    45.00    65.00  -0.4226   0.322130E-01  -0.244597E-01  -0.646949E-02   0.000000E+00
 0.4000   10.00    45.00    70.00  -0.3420   0.322590E-01  -0.267393E-01  -0.689885E-02   0.000000E+00
 0.4000   10.00    45.00    75.00  -0.2588   0.320293E-01  -0.282005E-01  -0.715655E-02   0.000000E+00
 0.4000   10.00    45.00    80.00  -0.1736   0.306949E-01  -0.278967E-01  -0.701953E-02   0.000000E+00
 0.4000   10.00    45.00    85.00  -0.0872   0.262930E-01  -0.239517E-01  -0.602314E-02   0.000000E+00
 0.4000   10.00    90.00     0.00  -1.0000   0.390310E-01   0.579282E-03  -0.709416E-19   0.000000E+00
 0.4000   10.00    90.00     5.00  -0.9962   0.389789E-01   0.438760E-03  -0.573978E-03   0.000000E+00
 0.4000   10.00    90.00    10.00  -0.9848   0.388246E-01   0.176289E-04  -0.115150E-02   0.000000E+00
 0.4000   10.00    90.00    15.00  -0.9659   0.385736E-01  -0.682802E-03  -0.173617E-02   0.000000E+00
 0.4000   10.00    90.00    20.00  -0.9397   0.382355E-01  -0.166031E-02  -0.233166E-02   0.000000E+00
 0.4000   10.00    90.00    25.00  -0.9063   0.378236E-01  -0.291168E-02  -0.294174E-02   0.000000E+00
 0.4000   10.00    90.00    30.00  -0.8660   0.373551E-01  -0.443248E-02  -0.357028E-02   0.000000E+00
 0.4000   10.00    90.00    35.00  -0.8192   0.368513E-01  -0.621670E-02  -0.422116E-02   0.000000E+00
 0.4000   10.00    90.00    40.00  -0.7660   0.363369E-01  -0.825583E-02  -0.489799E-02   0.000000E+00
 0.4000   10.00    90.00    45.00  -0.7071   0.358397E-01  -0.105372E-01  -0.560367E-02   0.000000E+00
 0.4000   10.00    90.00    50.00  -0.6428   0.353879E-01  -0.130409E-01  -0.633932E-02   0.000000E+00
 0.4000   10.00    90.00    55.00  -0.5736   0.350059E-01  -0.157325E-01  -0.710210E-02   0.000000E+00
 0.4000   10.00    90.00    60.00  -0.5000   0.347033E-01  -0.185509E-01  -0.788080E-02   0.000000E+00
 0.4000   10.00    90.00    65.00  -0.4226   0.344515E-01  -0.213801E-01  -0.864652E-02   0.000000E+00
 0.4000   10.00    90.00    70.00  -0.3420   0.341296E-01  -0.239931E-01  -0.933291E-02   0.000000E+00
 0.4000   10.00    90.00    75.00  -0.2588   0.334047E-01  -0.259312E-01  -0.979370E-02   0.000000E+00
 0.4000   10.00    90.00    80.00  -0.1736   0.314659E-01  -0.262561E-01  -0.971356E-02   0.000000E+00
 0.4000   10.00    90.00    85.00  -0.0872   0.264422E-01  -0.230567E-01  -0.842609E-02   0.000000E+00
 0.4000   10.00   135.00     0.00  -1.0000   0.390310E-01   0.128626E-18   0.579282E-03   0.000000E+00
 0.4000   10.00   135.00     5.00  -0.9962   0.393854E-01   0.264670E-03   0.172541E-03   0.000000E+00
 0.4000   10.00   135.00    10.00  -0.9848   0.396353E-01   0.243676E-03  -0.238484E-03   0.000000E+00
 0.4000   10.00   135.00    15.00  -0.9659   0.397792E-01  -0.685718E-04  -0.656405E-03   0.000000E+00
 0.4000   10.00   135.00    20.00  -0.9397   0.398199E-01  -0.676895E-03  -0.108394E-02   0.000000E+00
 0.4000   10.00   135.00    25.00  -0.9063   0.397636E-01  -0.158533E-02  -0.152394E-02   0.000000E+00
 0.4000   10.00   135.00    30.00  -0.8660   0.396201E-01  -0.279699E-02  -0.197938E-02   0.000000E+00
 0.4000   10.00   135.00    35.00  -0.8192   0.394030E-01  -0.431379E-02  -0.245332E-02   0.000000E+00
 0.4000   10.00   135.00    40.00  -0.7660   0.391288E-01  -0.613573E-02  -0.294877E-02   0.000000E+00
 0.4000   10.00   135.00    45.00  -0.7071   0.388162E-01  -0.825942E-02  -0.346835E-02   0.000000E+00
 0.4000   10.00   135.00    50.00  -0.6428   0.384833E-01  -0.106750E-01  -0.401361E-02   0.000000E+00
 0.4000   10.00   135.00    55.00  -0.5736   0.381428E-01  -0.133600E-01  -0.458351E-02   0.000000E+00
 0.4000   10.00   135.00    60.00  -0.5000   0.377905E-01  -0.162660E-01  -0.517142E-02   0.000000E+00
 0.4000   10.00   135.00    65.00  -0.4226   0.373808E-01  -0.192919E-01  -0.575855E-02   0.000000E+00
 0.4000   10.00   135.00    70.00  -0.3420   0.367733E-01  -0.222250E-01  -0.629988E-02   0.000000E+00
 0.4000   10.00   135.00    75.00  -0.2588   0.356140E-01  -0.246157E-01  -0.669383E-02   0.000000E+00
 0.4000   10.00   135.00    80.00  -0.1736   0.330803E-01  -0.255113E-01  -0.671752E-02   0.000000E+00
 0.4000   10.00   135.00    85.00  -0.0872   0.273316E-01  -0.229131E-01  -0.589315E-02   0.000000E+00
 0.4000   10.00   180.00     0.00  -1.0000   0.390310E-01  -0.579282E-03   0.000000E+00   0.000000E+00
 0.4000   10.00   180.00     5.00  -0.9962   0.395551E-01  -0.146265E-03   0.000000E+00   0.000000E+00
 0.4000   10.00   180.00    10.00  -0.9848   0.399762E-01   0.000000E+00   0.000000E+00   0.000000E+00
 0.4000   10.00   180.00    15.00  -0.9659   0.402902E-01  -0.148983E-03   0.000000E+00   0.000000E+00
 0.4000   10.00   180.00    20.00  -0.9397   0.404968E-01  -0.601038E-03   0.000000E+00   0.000000E+00
 0.4000   10.00   180.00    25.00  -0.9063   0.405993E-01  -0.136332E-02   0.000000E+00   0.000000E+00
 0.4000   10.00   180.00    30.00  -0.8660   0.406044E-01  -0.244222E-02   0.000000E+00   0.000000E+00
 0.4000   10.00   180.00    35.00  -0.8192   0.405225E-01  -0.384313E-02   0.000000E+00   0.000000E+00
 0.4000   10.00   180.00    40.00  -0.7660   0.403666E-01  -0.556978E-02   0.000000E+00   0.000000E+00
 0.4000   10.00   180.00    45.00  -0.7071   0.401514E-01  -0.762287E-02   0.000000E+00   0.000000E+00
 0.4000   10.00   180.00    50.00  -0.6428   0.398908E-01  -0.999705E-02   0.000000E+00   0.000000E+00
 0.4000   10.00   180.00    55.00  -0.5736   0.395924E-01  -0.126748E-01   0.000000E+00   0.000000E+00
 0.4000   10.00   180.00    60.00  -0.5000   0.392454E-01  -0.156133E-01   0.000000E+00   0.000000E+00
 0.4000   10.00   180.00    65.00  -0.4226   0.387965E-01  -0.187173E-01   0.000000E+00   0.000000E+00
 0.4000   10.00   180.00    70.00  -0.3420   0.380948E-01  -0.217791E-01   0.000000E+00   0.000000E+00
 0.4000   10.00   180.00    75.00  -0.2588   0.367735E-01  -0.243502E-01   0.000000E+00   0.000000E+00
 0.4000   10.00   180.00    80.00  -0.1736   0.339960E-01  -0.254652E-01   0.000000E+00   0.000000E+00
 0.4000   10.00   180.00    85.00  -0.0872   0.279167E-01  -0.230737E-01   0.000000E+00   0.000000E+00
 0.4000   20.00     0.00     0.00  -1.0000   0.366500E-01  -0.220437E-02   0.000000E+00   0.000000E+00
 0.4000   20.00     0.00     5.00  -0.9962   0.355707E-01  -0.337350E-02   0.000000E+00   0.000000E+00
 0.4000   20.00     0.00    10.00  -0.9848   0.344603E-01  -0.475484E-02   0.000000E+00   0.000000E+00
 0.4000   20.00     0.00    15.00  -0.9659   0.333417E-01  -0.633002E-02   0.000000E+00   0.000000E+00
 0.4000   20.00     0.00    20.00  -0.9397   0.322413E-01  -0.807999E-02   0.000000E+00   0.000000E+00
 0.4000   20.00     0.00    25.00  -0.9063   0.311896E-01  -0.998479E-02   0.000000E+00   0.000000E+00
 0.4000   20.00     0.00    30.00  -0.8660   0.302212E-01  -0.120232E-01   0.000000E+00   0.000000E+00
 0.4000   20.00     0.00    35.00  -0.8192   0.293752E-01  -0.141720E-01   0.000000E+00   0.000000E+00
 0.4000   20.00     0.00    40.00  -0.7660   0.286948E-01  -0.164051E-01   0.000000E+00   0.000000E+00
 0.4000   20.00     0.00    45.00  -0.7071   0.282274E-01  -0.186913E-01   0.000000E+00   0.000000E+00
 0.4000   20.00     0.00    50.00  -0.6428   0.280229E-01  -0.209909E-01   0.000000E+00   0.000000E+00
 0.4000   20.00     0.00    55.00  -0.5736   0.281287E-01  -0.232489E-01   0.000000E+00   0.000000E+00
 0.4000   20.00     0.00    60.00  -0.5000   0.285793E-01  -0.253821E-01   0.000000E+00   0.000000E+00
 0.4000   20.00     0.00    65.00  -0.4226   0.293704E-01  -0.272544E-01   0.000000E+00   0.000000E+00
 0.4000   20.00     0.00    70.00  -0.3420   0.303973E-01  -0.286266E-01   0.000000E+00   0.000000E+00
 0.4000   20.00     0.00    75.00  -0.2588   0.313121E-01  -0.290562E-01   0.000000E+00   0.000000E+00
 0.4000   20.00     0.00    80.00  -0.1736   0.311902E-01  -0.277010E-01   0.000000E+00   0.000000E+00
 0.4000   20.00     0.00    85.00  -0.0872   0.277661E-01  -0.229492E-01   0.000000E+00   0.000000E+00
 0.4000   20.00    45.00     0.00  -1.0000   0.366500E-01  -0.489469E-18  -0.220437E-02   0.000000E+00
 0.4000   20.00    45.00     5.00  -0.9962   0.358711E-01  -0.863679E-03  -0.294929E-02   0.000000E+00
 0.4000   20.00    45.00    10.00  -0.9848   0.350391E-01  -0.195120E-02  -0.369217E-02   0.000000E+00
 0.4000   20.00    45.00    15.00  -0.9659   0.341719E-01  -0.324905E-02  -0.443750E-02   0.000000E+00
 0.4000   20.00    45.00    20.00  -0.9397   0.332908E-01  -0.474291E-02  -0.518968E-02   0.000000E+00
 0.4000   20.00    45.00    25.00  -0.9063   0.324210E-01  -0.641738E-02  -0.595305E-02   0.000000E+00
 0.4000   20.00    45.00    30.00  -0.8660   0.315919E-01  -0.825577E-02  -0.673182E-02   0.000000E+00
 0.4000   20.00    45.00    35.00  -0.8192   0.308370E-01  -0.102395E-01  -0.752992E-02   0.000000E+00
 0.4000   20.00    45.00    40.00  -0.7660   0.301939E-01  -0.123472E-01  -0.835061E-02   0.000000E+00
 0.4000   20.00    45.00    45.00  -0.7071   0.297040E-01  -0.145528E-01  -0.919575E-02   0.000000E+00
 0.4000   20.00    45.00    50.00  -0.6428   0.294107E-01  -0.168224E-01  -0.100643E-01   0.000000E+00
 0.4000   20.00    45.00    55.00  -0.5736   0.293549E-01  -0.191078E-01  -0.109494E-01   0.000000E+00
 0.4000   20.00    45.00    60.00  -0.5000   0.295648E-01  -0.213352E-01  -0.118324E-01   0.000000E+00
 0.4000   20.00    45.00    65.00  -0.4226   0.300314E-01  -0.233808E-01  -0.126707E-01   0.000000E+00
 0.4000   20.00    45.00    70.00  -0.3420   0.306510E-01  -0.250242E-01  -0.133720E-01   0.000000E+00
 0.4000   20.00    45.00    75.00  -0.2588   0.310924E-01  -0.258510E-01  -0.137407E-01   0.000000E+00
 0.4000   20.00    45.00    80.00  -0.1736   0.304896E-01  -0.250604E-01  -0.133650E-01   0.000000E+00
 0.4000   20.00    45.00    85.00  -0.0872   0.267404E-01  -0.210976E-01  -0.113880E-01   0.000000E+00
 0.4000   20.00    90.00     0.00  -1.0000   0.366500E-01   0.220437E-02  -0.269958E-18   0.000000E+00
 0.4000   20.00    90.00     5.00  -0.9962   0.366080E-01   0.208278E-02  -0.105815E-02   0.000000E+00
 0.4000   20.00    90.00    10.00  -0.9848   0.364839E-01   0.171842E-02  -0.212292E-02   0.000000E+00
 0.4000   20.00    90.00    15.00  -0.9659   0.362828E-01   0.111263E-02  -0.320100E-02   0.000000E+00
 0.4000   20.00    90.00    20.00  -0.9397   0.360137E-01   0.267598E-03  -0.429927E-02   0.000000E+00
 0.4000   20.00    90.00    25.00  -0.9063   0.356889E-01  -0.813470E-03  -0.542481E-02   0.000000E+00
 0.4000   20.00    90.00    30.00  -0.8660   0.353247E-01  -0.212625E-02  -0.658489E-02   0.000000E+00
 0.4000   20.00    90.00    35.00  -0.8192   0.349409E-01  -0.366497E-02  -0.778682E-02   0.000000E+00
 0.4000   20.00    90.00    40.00  -0.7660   0.345608E-01  -0.542167E-02  -0.903757E-02   0.000000E+00
 0.4000   20.00    90.00    45.00  -0.7071   0.342100E-01  -0.738495E-02  -0.103429E-01   0.000000E+00
 0.4000   20.00    90.00    50.00  -0.6428   0.339151E-01  -0.953723E-02  -0.117053E-01   0.000000E+00
 0.4000   20.00    90.00    55.00  -0.5736   0.336983E-01  -0.118495E-01  -0.131204E-01   0.000000E+00
 0.4000   20.00    90.00    60.00  -0.5000   0.335676E-01  -0.142709E-01  -0.145688E-01   0.000000E+00
 0.4000   20.00    90.00    65.00  -0.4226   0.334930E-01  -0.167066E-01  -0.159989E-01   0.000000E+00
 0.4000   20.00    90.00    70.00  -0.3420   0.333543E-01  -0.189723E-01  -0.172911E-01   0.000000E+00
 0.4000   20.00    90.00    75.00  -0.2588   0.328215E-01  -0.206969E-01  -0.181787E-01   0.000000E+00
 0.4000   20.00    90.00    80.00  -0.1736   0.310895E-01  -0.211194E-01  -0.180805E-01   0.000000E+00
 0.4000   20.00    90.00    85.00  -0.0872   0.262834E-01  -0.186774E-01  -0.157504E-01   0.000000E+00
 0.4000   20.00   135.00     0.00  -1.0000   0.366500E-01   0.489469E-18   0.220437E-02   0.000000E+00
 0.4000   20.00   135.00     5.00  -0.9962   0.373618E-01   0.627079E-03   0.145283E-02   0.000000E+00
 0.4000   20.00   135.00    10.00  -0.9848   0.379958E-01   0.100545E-02   0.689910E-03   0.000000E+00
 0.4000   20.00   135.00    15.00  -0.9659   0.385445E-01   0.112360E-02  -0.894010E-04   0.000000E+00
 0.4000   20.00   135.00    20.00  -0.9397   0.390042E-01   0.970509E-03  -0.890408E-03   0.000000E+00
 0.4000   20.00   135.00    25.00  -0.9063   0.393740E-01   0.535670E-03  -0.171879E-02   0.000000E+00
 0.4000   20.00   135.00    30.00  -0.8660   0.396567E-01  -0.190966E-03  -0.258061E-02   0.000000E+00
 0.4000   20.00   135.00    35.00  -0.8192   0.398577E-01  -0.121883E-02  -0.348230E-02   0.000000E+00
 0.4000   20.00   135.00    40.00  -0.7660   0.399848E-01  -0.255635E-02  -0.443045E-02   0.000000E+00
 0.4000   20.00   135.00    45.00  -0.7071   0.400469E-01  -0.420994E-02  -0.543126E-02   0.000000E+00
 0.4000   20.00   135.00    50.00  -0.6428   0.400512E-01  -0.618180E-02  -0.648944E-02   0.000000E+00
 0.4000   20.00   135.00    55.00  -0.5736   0.399976E-01  -0.846508E-02  -0.760563E-02   0.000000E+00
 0.4000   20.00   135.00    60.00  -0.5000   0.398665E-01  -0.110335E-01  -0.877096E-02   0.000000E+00
 0.4000   20.00   135.00    65.00  -0.4226   0.395935E-01  -0.138187E-01  -0.995528E-02   0.000000E+00
 0.4000   20.00   135.00    70.00  -0.3420   0.390145E-01  -0.166607E-01  -0.110813E-01   0.000000E+00
 0.4000   20.00   135.00    75.00  -0.2588   0.377462E-01  -0.191971E-01  -0.119678E-01   0.000000E+00
 0.4000   20.00   135.00    80.00  -0.1736   0.349297E-01  -0.206203E-01  -0.122047E-01   0.000000E+00
 0.4000   20.00   135.00    85.00  -0.0872   0.286818E-01  -0.191563E-01  -0.108865E-01   0.000000E+00
 0.4000   20.00   180.00     0.00  -1.0000   0.366500E-01  -0.220437E-02   0.000000E+00   0.000000E+00
 0.4000   20.00   180.00     5.00  -0.9962   0.376789E-01  -0.126525E-02   0.000000E+00   0.000000E+00
 0.4000   20.00   180.00    10.00  -0.9848   0.386416E-01  -0.573503E-03   0.000000E+00   0.000000E+00
 0.4000   20.00   180.00    15.00  -0.9659   0.395255E-01  -0.146155E-03   0.000000E+00   0.000000E+00
 0.4000   20.00   180.00    20.00  -0.9397   0.403213E-01   0.000000E+00   0.000000E+00   0.000000E+00
 0.4000   20.00   180.00    25.00  -0.9063   0.410227E-01  -0.151691E-03   0.000000E+00   0.000000E+00
 0.4000   20.00   180.00    30.00  -0.8660   0.416266E-01  -0.617805E-03   0.000000E+00   0.000000E+00
 0.4000   20.00   180.00    35.00  -0.8192   0.421323E-01  -0.141480E-02   0.000000E+00   0.000000E+00
 0.4000   20.00   180.00    40.00  -0.7660   0.425411E-01  -0.255870E-02   0.000000E+00   0.000000E+00
 0.4000   20.00   180.00    45.00  -0.7071   0.428544E-01  -0.406429E-02   0.000000E+00   0.000000E+00
 0.4000   20.00   180.00    50.00  -0.6428   0.430709E-01  -0.594292E-02   0.000000E+00   0.000000E+00
 0.4000   20.00   180.00    55.00  -0.5736   0.431798E-01  -0.819781E-02   0.000000E+00   0.000000E+00
 0.4000   20.00   180.00    60.00  -0.5000   0.431481E-01  -0.108134E-01   0.000000E+00   0.000000E+00
 0.4000   20.00   180.00    65.00  -0.4226   0.428933E-01  -0.137315E-01   0.000000E+00   0.000000E+00
 0.4000   20.00   180.00    70.00  -0.3420   0.422251E-01  -0.167988E-01   0.000000E+00   0.000000E+00
 0.4000   20.00   180.00    75.00  -0.2588   0.407220E-01  -0.196462E-01   0.000000E+00   0.000000E+00
 0.4000   20.00   180.00    80.00  -0.1736   0.374695E-01  -0.214217E-01   0.000000E+00   0.000000E+00
 0.4000   20.00   180.00    85.00  -0.0872   0.305115E-01  -0.202038E-01   0.000000E+00   0.000000E+00
 0.4000   30.00     0.00     0.00  -1.0000   0.329559E-01  -0.454726E-02   0.000000E+00   0.000000E+00
 0.4000   30.00     0.00     5.00  -0.9962   0.315927E-01  -0.599797E-02   0.000000E+00   0.000000E+00
 0.4000   30.00     0.00    10.00  -0.9848   0.302689E-01  -0.758569E-02   0.000000E+00   0.000000E+00
 0.4000   30.00     0.00    15.00  -0.9659   0.290118E-01  -0.928761E-02   0.000000E+00   0.000000E+00
 0.4000   30.00     0.00    20.00  -0.9397   0.278520E-01  -0.110806E-01   0.000000E+00   0.000000E+00
 0.4000   30.00     0.00    25.00  -0.9063   0.268237E-01  -0.129411E-01   0.000000E+00   0.000000E+00
 0.4000   30.00     0.00    30.00  -0.8660   0.259650E-01  -0.148444E-01   0.000000E+00   0.000000E+00
 0.4000   30.00     0.00    35.00  -0.8192   0.253180E-01  -0.167648E-01   0.000000E+00   0.000000E+00
 0.4000   30.00     0.00    40.00  -0.7660   0.249292E-01  -0.186736E-01   0.000000E+00   0.000000E+00
 0.4000   30.00     0.00    45.00  -0.7071   0.248489E-01  -0.205381E-01   0.000000E+00   0.000000E+00
 0.4000   30.00     0.00    50.00  -0.6428   0.251296E-01  -0.223184E-01   0.000000E+00   0.000000E+00
 0.4000   30.00     0.00    55.00  -0.5736   0.258216E-01  -0.239613E-01   0.000000E+00   0.000000E+00
 0.4000   30.00     0.00    60.00  -0.5000   0.269609E-01  -0.253904E-01   0.000000E+00   0.000000E+00
 0.4000   30.00     0.00    65.00  -0.4226   0.285418E-01  -0.264855E-01   0.000000E+00   0.000000E+00
 0.4000   30.00     0.00    70.00  -0.3420   0.304499E-01  -0.270435E-01   0.000000E+00   0.000000E+00
 0.4000   30.00     0.00    75.00  -0.2588   0.323039E-01  -0.266999E-01   0.000000E+00   0.000000E+00
 0.4000   30.00     0.00    80.00  -0.1736   0.330784E-01  -0.247778E-01   0.000000E+00   0.000000E+00
 0.4000   30.00     0.00    85.00  -0.0872   0.302083E-01  -0.200030E-01   0.000000E+00   0.000000E+00
 0.4000   30.00    45.00     0.00  -1.0000   0.329559E-01  -0.100970E-17  -0.454726E-02   0.000000E+00
 0.4000   30.00    45.00     5.00  -0.9962   0.319769E-01  -0.105590E-02  -0.551357E-02   0.000000E+00
 0.4000   30.00    45.00    10.00  -0.9848   0.309961E-01  -0.226864E-02  -0.647244E-02   0.000000E+00
 0.4000   30.00    45.00    15.00  -0.9659   0.300342E-01  -0.362143E-02  -0.742962E-02   0.000000E+00
 0.4000   30.00    45.00    20.00  -0.9397   0.291153E-01  -0.509679E-02  -0.839068E-02   0.000000E+00
 0.4000   30.00    45.00    25.00  -0.9063   0.282669E-01  -0.667642E-02  -0.936094E-02   0.000000E+00
 0.4000   30.00    45.00    30.00  -0.8660   0.275204E-01  -0.834089E-02  -0.103454E-01   0.000000E+00
 0.4000   30.00    45.00    35.00  -0.8192   0.269111E-01  -0.100691E-01  -0.113487E-01   0.000000E+00
 0.4000   30.00    45.00    40.00  -0.7660   0.264783E-01  -0.118376E-01  -0.123741E-01   0.000000E+00
 0.4000   30.00    45.00    45.00  -0.7071   0.262649E-01  -0.136189E-01  -0.134231E-01   0.000000E+00
 0.4000   30.00    45.00    50.00  -0.6428   0.263158E-01  -0.153791E-01  -0.144932E-01   0.000000E+00
 0.4000   30.00    45.00    55.00  -0.5736   0.266740E-01  -0.170728E-01  -0.155738E-01   0.000000E+00
 0.4000   30.00    45.00    60.00  -0.5000   0.273693E-01  -0.186344E-01  -0.166391E-01   0.000000E+00
 0.4000   30.00    45.00    65.00  -0.4226   0.283945E-01  -0.199608E-01  -0.176316E-01   0.000000E+00
 0.4000   30.00    45.00    70.00  -0.3420   0.296453E-01  -0.208770E-01  -0.184300E-01   0.000000E+00
 0.4000   30.00    45.00    75.00  -0.2588   0.307811E-01  -0.210685E-01  -0.187787E-01   0.000000E+00
 0.4000   30.00    45.00    80.00  -0.1736   0.308938E-01  -0.199474E-01  -0.181404E-01   0.000000E+00
 0.4000   30.00    45.00    85.00  -0.0872   0.277237E-01  -0.163995E-01  -0.153867E-01   0.000000E+00
 0.4000   30.00    90.00     0.00  -1.0000   0.329559E-01   0.454726E-02  -0.556879E-18   0.000000E+00
 0.4000   30.00    90.00     5.00  -0.9962   0.329289E-01   0.445400E-02  -0.137610E-02   0.000000E+00
 0.4000   30.00    90.00    10.00  -0.9848   0.328495E-01   0.417466E-02  -0.276097E-02   0.000000E+00
 0.4000   30.00    90.00    15.00  -0.9659   0.327224E-01   0.371058E-02  -0.416352E-02   0.000000E+00
 0.4000   30.00    90.00    20.00  -0.9397   0.325554E-01   0.306397E-02  -0.559291E-02   0.000000E+00
 0.4000   30.00    90.00    25.00  -0.9063   0.323599E-01   0.223804E-02  -0.705861E-02   0.000000E+00
 0.4000   30.00    90.00    30.00  -0.8660   0.321502E-01   0.123704E-02  -0.857044E-02   0.000000E+00
 0.4000   30.00    90.00    35.00  -0.8192   0.319442E-01   0.664871E-04  -0.101384E-01   0.000000E+00
 0.4000   30.00    90.00    40.00  -0.7660   0.317627E-01  -0.126634E-02  -0.117721E-01   0.000000E+00
 0.4000   30.00    90.00    45.00  -0.7071   0.316290E-01  -0.275159E-02  -0.134800E-01   0.000000E+00
 0.4000   30.00    90.00    50.00  -0.6428   0.315668E-01  -0.437505E-02  -0.152667E-01   0.000000E+00
 0.4000   30.00    90.00    55.00  -0.5736   0.315957E-01  -0.611483E-02  -0.171284E-01   0.000000E+00
 0.4000   30.00    90.00    60.00  -0.5000   0.317216E-01  -0.793450E-02  -0.190428E-01   0.000000E+00
 0.4000   30.00    90.00    65.00  -0.4226   0.319141E-01  -0.976910E-02  -0.209472E-01   0.000000E+00
 0.4000   30.00    90.00    70.00  -0.3420   0.320555E-01  -0.114958E-01  -0.226922E-01   0.000000E+00
 0.4000   30.00    90.00    75.00  -0.2588   0.318247E-01  -0.128707E-01  -0.239385E-01   0.000000E+00
 0.4000   30.00    90.00    80.00  -0.1736   0.304306E-01  -0.133955E-01  -0.239317E-01   0.000000E+00
 0.4000   30.00    90.00    85.00  -0.0872   0.259976E-01  -0.120375E-01  -0.210096E-01   0.000000E+00
 0.4000   30.00   135.00     0.00  -1.0000   0.329559E-01   0.100970E-17   0.454726E-02   0.000000E+00
 0.4000   30.00   135.00     5.00  -0.9962   0.339156E-01   0.882788E-03   0.356748E-02   0.000000E+00
 0.4000   30.00   135.00    10.00  -0.9848   0.348414E-01   0.157663E-02   0.256784E-02   0.000000E+00
 0.4000   30.00   135.00    15.00  -0.9659   0.357217E-01   0.206605E-02   0.154152E-02   0.000000E+00
 0.4000   30.00   135.00    20.00  -0.9397   0.365478E-01   0.233577E-02   0.481111E-03   0.000000E+00
 0.4000   30.00   135.00    25.00  -0.9063   0.373140E-01   0.237069E-02  -0.621447E-03   0.000000E+00
 0.4000   30.00   135.00    30.00  -0.8660   0.380170E-01   0.215571E-02  -0.177500E-02   0.000000E+00
 0.4000   30.00   135.00    35.00  -0.8192   0.386559E-01   0.167572E-02  -0.298915E-02   0.000000E+00
 0.4000   30.00   135.00    40.00  -0.7660   0.392316E-01   0.915671E-03  -0.427418E-02   0.000000E+00
 0.4000   30.00   135.00    45.00  -0.7071   0.397448E-01  -0.138983E-03  -0.564044E-02   0.000000E+00
 0.4000   30.00   135.00    50.00  -0.6428   0.401938E-01  -0.150110E-02  -0.709716E-02   0.000000E+00
 0.4000   30.00   135.00    55.00  -0.5736   0.405678E-01  -0.317890E-02  -0.864941E-02   0.000000E+00
 0.4000   30.00   135.00    60.00  -0.5000   0.408346E-01  -0.516910E-02  -0.102915E-01   0.000000E+00
 0.4000   30.00   135.00    65.00  -0.4226   0.409140E-01  -0.744118E-02  -0.119922E-01   0.000000E+00
 0.4000   30.00   135.00    70.00  -0.3420   0.406213E-01  -0.990105E-02  -0.136615E-01   0.000000E+00
 0.4000   30.00   135.00    75.00  -0.2588   0.395432E-01  -0.123064E-01  -0.150754E-01   0.000000E+00
 0.4000   30.00   135.00    80.00  -0.1736   0.367709E-01  -0.140703E-01  -0.157041E-01   0.000000E+00
 0.4000   30.00   135.00    85.00  -0.0872   0.303133E-01  -0.138099E-01  -0.143254E-01   0.000000E+00
 0.4000   30.00   180.00     0.00  -1.0000   0.329559E-01  -0.454726E-02   0.000000E+00   0.000000E+00
 0.4000   30.00   180.00     5.00  -0.9962   0.343344E-01  -0.325625E-02   0.000000E+00   0.000000E+00
 0.4000   30.00   180.00    10.00  -0.9848   0.357069E-01  -0.214765E-02   0.000000E+00   0.000000E+00
 0.4000   30.00   180.00    15.00  -0.9659   0.370551E-01  -0.124430E-02   0.000000E+00   0.000000E+00
 0.4000   30.00   180.00    20.00  -0.9397   0.383633E-01  -0.569372E-03   0.000000E+00   0.000000E+00
 0.4000   30.00   180.00    25.00  -0.9063   0.396183E-01  -0.146498E-03   0.000000E+00   0.000000E+00
 0.4000   30.00   180.00    30.00  -0.8660   0.408094E-01   0.000000E+00   0.000000E+00   0.000000E+00
 0.4000   30.00   180.00    35.00  -0.8192   0.419277E-01  -0.155038E-03   0.000000E+00   0.000000E+00
 0.4000   30.00   180.00    40.00  -0.7660   0.429651E-01  -0.637670E-03   0.000000E+00   0.000000E+00
 0.4000   30.00   180.00    45.00  -0.7071   0.439124E-01  -0.147457E-02   0.000000E+00   0.000000E+00
 0.4000   30.00   180.00    50.00  -0.6428   0.447561E-01  -0.269193E-02   0.000000E+00   0.000000E+00
 0.4000   30.00   180.00    55.00  -0.5736   0.454705E-01  -0.431240E-02   0.000000E+00   0.000000E+00
 0.4000   30.00   180.00    60.00  -0.5000   0.460037E-01  -0.634760E-02   0.000000E+00   0.000000E+00
 0.4000   30.00   180.00    65.00  -0.4226   0.462471E-01  -0.878016E-02   0.000000E+00   0.000000E+00
 0.4000   30.00   180.00    70.00  -0.3420   0.459723E-01  -0.115211E-01   0.000000E+00   0.000000E+00
 0.4000   30.00   180.00    75.00  -0.2588   0.446954E-01  -0.143084E-01   0.000000E+00   0.000000E+00
 0.4000   30.00   180.00    80.00  -0.1736   0.413898E-01  -0.164664E-01   0.000000E+00   0.000000E+00
 0.4000   30.00   180.00    85.00  -0.0872   0.338706E-01  -0.163408E-01   0.000000E+00   0.000000E+00
 0.4000   40.00     0.00     0.00  -1.0000   0.283026E-01  -0.709293E-02   0.000000E+00   0.000000E+00
 0.4000   40.00     0.00     5.00  -0.9962   0.268756E-01  -0.860374E-02   0.000000E+00   0.000000E+00
 0.4000   40.00     0.00    10.00  -0.9848   0.255624E-01  -0.101697E-01   0.000000E+00   0.000000E+00
 0.4000   40.00     0.00    15.00  -0.9659   0.243910E-01  -0.117674E-01   0.000000E+00   0.000000E+00
 0.4000   40.00     0.00    20.00  -0.9397   0.233922E-01  -0.133735E-01   0.000000E+00   0.000000E+00
 0.4000   40.00     0.00    25.00  -0.9063   0.225998E-01  -0.149648E-01   0.000000E+00   0.000000E+00
 0.4000   40.00     0.00    30.00  -0.8660   0.220511E-01  -0.165177E-01   0.000000E+00   0.000000E+00
 0.4000   40.00     0.00    35.00  -0.8192   0.217875E-01  -0.180078E-01   0.000000E+00   0.000000E+00
 0.4000   40.00     0.00    40.00  -0.7660   0.218538E-01  -0.194090E-01   0.000000E+00   0.000000E+00
 0.4000   40.00     0.00    45.00  -0.7071   0.222988E-01  -0.206923E-01   0.000000E+00   0.000000E+00
 0.4000   40.00     0.00    50.00  -0.6428   0.231733E-01  -0.218234E-01   0.000000E+00   0.000000E+00
 0.4000   40.00     0.00    55.00  -0.5736   0.245251E-01  -0.227582E-01   0.000000E+00   0.000000E+00
 0.4000   40.00     0.00    60.00  -0.5000   0.263876E-01  -0.234356E-01   0.000000E+00   0.000000E+00
 0.4000   40.00     0.00    65.00  -0.4226   0.287504E-01  -0.237628E-01   0.000000E+00   0.000000E+00
 0.4000   40.00     0.00    70.00  -0.3420   0.314890E-01  -0.235873E-01   0.000000E+00   0.000000E+00
 0.4000   40.00     0.00    75.00  -0.2588   0.341947E-01  -0.226426E-01   0.000000E+00   0.000000E+00
 0.4000   40.00     0.00    80.00  -0.1736   0.357559E-01  -0.204420E-01   0.000000E+00   0.000000E+00
 0.4000   40.00     0.00    85.00  -0.0872   0.333175E-01  -0.160740E-01   0.000000E+00   0.000000E+00
 0.4000   40.00    45.00     0.00  -1.0000   0.283026E-01  -0.157495E-17  -0.709293E-02   0.000000E+00
 0.4000   40.00    45.00     5.00  -0.9962   0.272795E-01  -0.109009E-02  -0.812702E-02   0.000000E+00
 0.4000   40.00    45.00    10.00  -0.9848   0.263093E-01  -0.226246E-02  -0.914719E-02   0.000000E+00
 0.4000   40.00    45.00    15.00  -0.9659   0.254130E-01  -0.349969E-02  -0.101596E-01   0.000000E+00
 0.4000   40.00    45.00    20.00  -0.9397   0.246143E-01  -0.478391E-02  -0.111701E-01   0.000000E+00
 0.4000   40.00    45.00    25.00  -0.9063   0.239404E-01  -0.609667E-02  -0.121840E-01   0.000000E+00
 0.4000   40.00    45.00    30.00  -0.8660   0.234214E-01  -0.741864E-02  -0.132064E-01   0.000000E+00
 0.4000   40.00    45.00    35.00  -0.8192   0.230914E-01  -0.872928E-02  -0.142414E-01   0.000000E+00
 0.4000   40.00    45.00    40.00  -0.7660   0.229880E-01  -0.100062E-01  -0.152920E-01   0.000000E+00
 0.4000   40.00    45.00    45.00  -0.7071   0.231522E-01  -0.112239E-01  -0.163587E-01   0.000000E+00
 0.4000   40.00    45.00    50.00  -0.6428   0.236272E-01  -0.123526E-01  -0.174375E-01   0.000000E+00
 0.4000   40.00    45.00    55.00  -0.5736   0.244540E-01  -0.133541E-01  -0.185160E-01   0.000000E+00
 0.4000   40.00    45.00    60.00  -0.5000   0.256617E-01  -0.141775E-01  -0.195648E-01   0.000000E+00
 0.4000   40.00    45.00    65.00  -0.4226   0.272424E-01  -0.147477E-01  -0.205212E-01   0.000000E+00
 0.4000   40.00    45.00    70.00  -0.3420   0.290925E-01  -0.149471E-01  -0.212543E-01   0.000000E+00
 0.4000   40.00    45.00    75.00  -0.2588   0.308692E-01  -0.145785E-01  -0.214898E-01   0.000000E+00
 0.4000   40.00    45.00    80.00  -0.1736   0.316394E-01  -0.132970E-01  -0.206473E-01   0.000000E+00
 0.4000   40.00    45.00    85.00  -0.0872   0.290062E-01  -0.104877E-01  -0.174805E-01   0.000000E+00
 0.4000   40.00    90.00     0.00  -1.0000   0.283026E-01   0.709293E-02  -0.868633E-18   0.000000E+00
 0.4000   40.00    90.00     5.00  -0.9962   0.282929E-01   0.703301E-02  -0.147695E-02   0.000000E+00
 0.4000   40.00    90.00    10.00  -0.9848   0.282651E-01   0.685372E-02  -0.296362E-02   0.000000E+00
 0.4000   40.00    90.00    15.00  -0.9659   0.282233E-01   0.655643E-02  -0.446991E-02   0.000000E+00
 0.4000   40.00    90.00    20.00  -0.9397   0.281742E-01   0.614345E-02  -0.600604E-02   0.000000E+00
 0.4000   40.00    90.00    25.00  -0.9063   0.281275E-01   0.561806E-02  -0.758264E-02   0.000000E+00
 0.4000   40.00    90.00    30.00  -0.8660   0.280958E-01   0.498456E-02  -0.921086E-02   0.000000E+00
 0.4000   40.00    90.00    35.00  -0.8192   0.280945E-01   0.424840E-02  -0.109022E-01   0.000000E+00
 0.4000   40.00    90.00    40.00  -0.7660   0.281419E-01   0.341641E-02  -0.126683E-01   0.000000E+00
 0.4000   40.00    90.00    45.00  -0.7071   0.282583E-01   0.249716E-02  -0.145197E-01   0.000000E+00
 0.4000   40.00    90.00    50.00  -0.6428   0.284646E-01   0.150174E-02  -0.164637E-01   0.000000E+00
 0.4000   40.00    90.00    55.00  -0.5736   0.287782E-01   0.445142E-03  -0.184997E-01   0.000000E+00
 0.4000   40.00    90.00    60.00  -0.5000   0.292040E-01  -0.651038E-03  -0.206089E-01   0.000000E+00
 0.4000   40.00    90.00    65.00  -0.4226   0.297137E-01  -0.175322E-02  -0.227320E-01   0.000000E+00
 0.4000   40.00    90.00    70.00  -0.3420   0.301980E-01  -0.280484E-02  -0.247198E-01   0.000000E+00
 0.4000   40.00    90.00    75.00  -0.2588   0.303549E-01  -0.370319E-02  -0.262223E-01   0.000000E+00
 0.4000   40.00    90.00    80.00  -0.1736   0.294242E-01  -0.425066E-02  -0.264341E-01   0.000000E+00
 0.4000   40.00    90.00    85.00  -0.0872   0.255434E-01  -0.405294E-02  -0.235012E-01   0.000000E+00
 0.4000   40.00   135.00     0.00  -1.0000   0.283026E-01   0.157495E-17   0.709293E-02   0.000000E+00
 0.4000   40.00   135.00     5.00  -0.9962   0.293603E-01   0.990684E-03   0.603830E-02   0.000000E+00
 0.4000   40.00   135.00    10.00  -0.9848   0.304368E-01   0.186506E-02   0.495600E-02   0.000000E+00
 0.4000   40.00   135.00    15.00  -0.9659   0.315190E-01   0.260633E-02   0.383820E-02   0.000000E+00
 0.4000   40.00   135.00    20.00  -0.9397   0.325959E-01   0.319766E-02   0.267627E-02   0.000000E+00
 0.4000   40.00   135.00    25.00  -0.9063   0.336591E-01   0.362209E-02   0.146057E-02   0.000000E+00
 0.4000   40.00   135.00    30.00  -0.8660   0.347024E-01   0.386231E-02   0.180301E-03   0.000000E+00
 0.4000   40.00   135.00    35.00  -0.8192   0.357211E-01   0.390048E-02  -0.117665E-02   0.000000E+00
 0.4000   40.00   135.00    40.00  -0.7660   0.367122E-01   0.371807E-02  -0.262370E-02   0.000000E+00
 0.4000   40.00   135.00    45.00  -0.7071   0.376719E-01   0.329575E-02  -0.417524E-02   0.000000E+00
 0.4000   40.00   135.00    50.00  -0.6428   0.385933E-01   0.261358E-02  -0.584564E-02   0.000000E+00
 0.4000   40.00   135.00    55.00  -0.5736   0.394603E-01   0.165209E-02  -0.764659E-02   0.000000E+00
 0.4000   40.00   135.00    60.00  -0.5000   0.402344E-01   0.395266E-03  -0.958068E-02   0.000000E+00
 0.4000   40.00   135.00    65.00  -0.4226   0.408286E-01  -0.116140E-02  -0.116267E-01   0.000000E+00
 0.4000   40.00   135.00    70.00  -0.3420   0.410492E-01  -0.299041E-02  -0.137047E-01   0.000000E+00
 0.4000   40.00   135.00    75.00  -0.2588   0.404672E-01  -0.498048E-02  -0.155941E-01   0.000000E+00
 0.4000   40.00   135.00    80.00  -0.1736   0.381310E-01  -0.680542E-02  -0.167362E-01   0.000000E+00
 0.4000   40.00   135.00    85.00  -0.0872   0.319029E-01  -0.759097E-02  -0.157552E-01   0.000000E+00
 0.4000   40.00   180.00     0.00  -1.0000   0.283026E-01  -0.709293E-02   0.000000E+00   0.000000E+00
 0.4000   40.00   180.00     5.00  -0.9962   0.298183E-01  -0.566109E-02   0.000000E+00   0.000000E+00
 0.4000   40.00   180.00    10.00  -0.9848   0.313996E-01  -0.433252E-02   0.000000E+00   0.000000E+00
 0.4000   40.00   180.00    15.00  -0.9659   0.330263E-01  -0.313219E-02   0.000000E+00   0.000000E+00
 0.4000   40.00   180.00    20.00  -0.9397   0.346798E-01  -0.208587E-02   0.000000E+00   0.000000E+00
 0.4000   40.00   180.00    25.00  -0.9063   0.363442E-01  -0.122043E-02   0.000000E+00   0.000000E+00
 0.4000   40.00   180.00    30.00  -0.8660   0.380048E-01  -0.564052E-03   0.000000E+00   0.000000E+00
 0.4000   40.00   180.00    35.00  -0.8192   0.396486E-01  -0.146610E-03   0.000000E+00   0.000000E+00
 0.4000   40.00   180.00    40.00  -0.7660   0.412628E-01   0.000000E+00   0.000000E+00   0.000000E+00
 0.4000   40.00   180.00    45.00  -0.7071   0.428328E-01  -0.158385E-03   0.000000E+00   0.000000E+00
 0.4000   40.00   180.00    50.00  -0.6428   0.443386E-01  -0.658055E-03   0.000000E+00   0.000000E+00
 0.4000   40.00   180.00    55.00  -0.5736   0.457471E-01  -0.153618E-02   0.000000E+00   0.000000E+00
 0.4000   40.00   180.00    60.00  -0.5000   0.469966E-01  -0.282668E-02   0.000000E+00   0.000000E+00
 0.4000   40.00   180.00    65.00  -0.4226   0.479643E-01  -0.454890E-02   0.000000E+00   0.000000E+00
 0.4000   40.00   180.00    70.00  -0.3420   0.483983E-01  -0.667801E-02   0.000000E+00   0.000000E+00
 0.4000   40.00   180.00    75.00  -0.2588   0.477684E-01  -0.906898E-02   0.000000E+00   0.000000E+00
 0.4000   40.00   180.00    80.00  -0.1736   0.449364E-01  -0.112615E-01   0.000000E+00   0.000000E+00
 0.4000   40.00   180.00    85.00  -0.0872   0.374140E-01  -0.119774E-01   0.000000E+00   0.000000E+00
 0.4000   50.00     0.00     0.00  -1.0000   0.230700E-01  -0.917812E-02   0.000000E+00   0.000000E+00
 0.4000   50.00     0.00     5.00  -0.9962   0.218060E-01  -0.105202E-01   0.000000E+00   0.000000E+00
 0.4000   50.00     0.00    10.00  -0.9848   0.207176E-01  -0.118444E-01   0.000000E+00   0.000000E+00
 0.4000   50.00     0.00    15.00  -0.9659   0.198295E-01  -0.131304E-01   0.000000E+00   0.000000E+00
 0.4000   50.00     0.00    20.00  -0.9397   0.191688E-01  -0.143586E-01   0.000000E+00   0.000000E+00
 0.4000   50.00     0.00    25.00  -0.9063   0.187653E-01  -0.155099E-01   0.000000E+00   0.000000E+00
 0.4000   50.00     0.00    30.00  -0.8660   0.186519E-01  -0.165653E-01   0.000000E+00   0.000000E+00
 0.4000   50.00     0.00    35.00  -0.8192   0.188650E-01  -0.175059E-01   0.000000E+00   0.000000E+00
 0.4000   50.00     0.00    40.00  -0.7660   0.194447E-01  -0.183120E-01   0.000000E+00   0.000000E+00
 0.4000   50.00     0.00    45.00  -0.7071   0.204346E-01  -0.189624E-01   0.000000E+00   0.000000E+00
 0.4000   50.00     0.00    50.00  -0.6428   0.218807E-01  -0.194329E-01   0.000000E+00   0.000000E+00
 0.4000   50.00     0.00    55.00  -0.5736   0.238268E-01  -0.196933E-01   0.000000E+00   0.000000E+00
 0.4000   50.00     0.00    60.00  -0.5000   0.263036E-01  -0.197031E-01   0.000000E+00   0.000000E+00
 0.4000   50.00     0.00    65.00  -0.4226   0.293010E-01  -0.194022E-01   0.000000E+00   0.000000E+00
 0.4000   50.00     0.00    70.00  -0.3420   0.326986E-01  -0.186941E-01   0.000000E+00   0.000000E+00
 0.4000   50.00     0.00    75.00  -0.2588   0.360931E-01  -0.174130E-01   0.000000E+00   0.000000E+00
 0.4000   50.00     0.00    80.00  -0.1736   0.383523E-01  -0.152580E-01   0.000000E+00   0.000000E+00
 0.4000   50.00     0.00    85.00  -0.0872   0.364209E-01  -0.116595E-01   0.000000E+00   0.000000E+00
 0.4000   50.00    45.00     0.00  -1.0000   0.230700E-01  -0.203795E-17  -0.917812E-02   0.000000E+00
 0.4000   50.00    45.00     5.00  -0.9962   0.221637E-01  -0.962186E-03  -0.101169E-01   0.000000E+00
 0.4000   50.00    45.00    10.00  -0.9848   0.213569E-01  -0.193770E-02  -0.110363E-01   0.000000E+00
 0.4000   50.00    45.00    15.00  -0.9659   0.206680E-01  -0.291119E-02  -0.119422E-01   0.000000E+00
 0.4000   50.00    45.00    20.00  -0.9397   0.201181E-01  -0.386709E-02  -0.128396E-01   0.000000E+00
 0.4000   50.00    45.00    25.00  -0.9063   0.197307E-01  -0.478944E-02  -0.137333E-01   0.000000E+00
 0.4000   50.00    45.00    30.00  -0.8660   0.195323E-01  -0.566172E-02  -0.146274E-01   0.000000E+00
 0.4000   50.00    45.00    35.00  -0.8192   0.195529E-01  -0.646652E-02  -0.155251E-01   0.000000E+00
 0.4000   50.00    45.00    40.00  -0.7660   0.198256E-01  -0.718518E-02  -0.164286E-01   0.000000E+00
 0.4000   50.00    45.00    45.00  -0.7071   0.203872E-01  -0.779711E-02  -0.173373E-01   0.000000E+00
 0.4000   50.00    45.00    50.00  -0.6428   0.212766E-01  -0.827878E-02  -0.182468E-01   0.000000E+00
 0.4000   50.00    45.00    55.00  -0.5736   0.225317E-01  -0.860220E-02  -0.191446E-01   0.000000E+00
 0.4000   50.00    45.00    60.00  -0.5000   0.241803E-01  -0.873247E-02  -0.200034E-01   0.000000E+00
 0.4000   50.00    45.00    65.00  -0.4226   0.262178E-01  -0.862395E-02  -0.207658E-01   0.000000E+00
 0.4000   50.00    45.00    70.00  -0.3420   0.285513E-01  -0.821446E-02  -0.213131E-01   0.000000E+00
 0.4000   50.00    45.00    75.00  -0.2588   0.308603E-01  -0.741749E-02  -0.213966E-01   0.000000E+00
 0.4000   50.00    45.00    80.00  -0.1736   0.322358E-01  -0.611641E-02  -0.204806E-01   0.000000E+00
 0.4000   50.00    45.00    85.00  -0.0872   0.302148E-01  -0.418145E-02  -0.173694E-01   0.000000E+00
 0.4000   50.00    90.00     0.00  -1.0000   0.230700E-01   0.917812E-02  -0.112400E-17   0.000000E+00
 0.4000   50.00    90.00     5.00  -0.9962   0.230766E-01   0.915115E-02  -0.134569E-02   0.000000E+00
 0.4000   50.00    90.00    10.00  -0.9848   0.230978E-01   0.907071E-02  -0.270069E-02   0.000000E+00
 0.4000   50.00    90.00    15.00  -0.9659   0.231368E-01   0.893827E-02  -0.407451E-02   0.000000E+00
 0.4000   50.00    90.00    20.00  -0.9397   0.231993E-01   0.875630E-02  -0.547703E-02   0.000000E+00
 0.4000   50.00    90.00    25.00  -0.9063   0.232934E-01   0.852831E-02  -0.691865E-02   0.000000E+00
 0.4000   50.00    90.00    30.00  -0.8660   0.234297E-01   0.825886E-02  -0.841043E-02   0.000000E+00
 0.4000   50.00    90.00    35.00  -0.8192   0.236216E-01   0.795370E-02  -0.996410E-02   0.000000E+00
 0.4000   50.00    90.00    40.00  -0.7660   0.238846E-01   0.761980E-02  -0.115919E-01   0.000000E+00
 0.4000   50.00    90.00    45.00  -0.7071   0.242369E-01   0.726539E-02  -0.133058E-01   0.000000E+00
 0.4000   50.00    90.00    50.00  -0.6428   0.246971E-01   0.690003E-02  -0.151161E-01   0.000000E+00
 0.4000   50.00    90.00    55.00  -0.5736   0.252820E-01   0.653436E-02  -0.170274E-01   0.000000E+00
 0.4000   50.00    90.00    60.00  -0.5000   0.259983E-01   0.617949E-02  -0.190303E-01   0.000000E+00
 0.4000   50.00    90.00    65.00  -0.4226   0.268252E-01   0.584488E-02  -0.210827E-01   0.000000E+00
 0.4000   50.00    90.00    70.00  -0.3420   0.276719E-01   0.553296E-02  -0.230664E-01   0.000000E+00
 0.4000   50.00    90.00    75.00  -0.2588   0.282739E-01   0.522450E-02  -0.246854E-01   0.000000E+00
 0.4000   50.00    90.00    80.00  -0.1736   0.279332E-01   0.483896E-02  -0.252169E-01   0.000000E+00
 0.4000   50.00    90.00    85.00  -0.0872   0.248346E-01   0.412248E-02  -0.228773E-01   0.000000E+00
 0.4000   50.00   135.00     0.00  -1.0000   0.230700E-01   0.203795E-17   0.917812E-02   0.000000E+00
 0.4000   50.00   135.00     5.00  -0.9962   0.240595E-01   0.933660E-03   0.821380E-02   0.000000E+00
 0.4000   50.00   135.00    10.00  -0.9848   0.251182E-01   0.182363E-02   0.721699E-02   0.000000E+00
 0.4000   50.00   135.00    15.00  -0.9659   0.262339E-01   0.265470E-02   0.617996E-02   0.000000E+00
 0.4000   50.00   135.00    20.00  -0.9397   0.273967E-01   0.341147E-02   0.509392E-02   0.000000E+00
 0.4000   50.00   135.00    25.00  -0.9063   0.285984E-01   0.407827E-02   0.394885E-02   0.000000E+00
 0.4000   50.00   135.00    30.00  -0.8660   0.298330E-01   0.463891E-02   0.273324E-02   0.000000E+00
 0.4000   50.00   135.00    35.00  -0.8192   0.310958E-01   0.507646E-02   0.143377E-02   0.000000E+00
 0.4000   50.00   135.00    40.00  -0.7660   0.323837E-01   0.537290E-02   0.351412E-04   0.000000E+00
 0.4000   50.00   135.00    45.00  -0.7071   0.336930E-01   0.550872E-02  -0.148001E-02   0.000000E+00
 0.4000   50.00   135.00    50.00  -0.6428   0.350177E-01   0.546236E-02  -0.313065E-02   0.000000E+00
 0.4000   50.00   135.00    55.00  -0.5736   0.363436E-01   0.520973E-02  -0.493572E-02   0.000000E+00
 0.4000   50.00   135.00    60.00  -0.5000   0.376368E-01   0.472398E-02  -0.690946E-02   0.000000E+00
 0.4000   50.00   135.00    65.00  -0.4226   0.388183E-01   0.397659E-02  -0.904963E-02   0.000000E+00
 0.4000   50.00   135.00    70.00  -0.3420   0.397083E-01   0.294252E-02  -0.113077E-01   0.000000E+00
 0.4000   50.00   135.00    75.00  -0.2588   0.398958E-01   0.161801E-02  -0.135138E-01   0.000000E+00
 0.4000   50.00   135.00    80.00  -0.1736   0.384285E-01   0.762545E-04  -0.151816E-01   0.000000E+00
 0.4000   50.00   135.00    85.00  -0.0872   0.330346E-01  -0.136166E-02  -0.149841E-01   0.000000E+00
 0.4000   50.00   180.00     0.00  -1.0000   0.230700E-01  -0.917812E-02   0.000000E+00   0.000000E+00
 0.4000   50.00   180.00     5.00  -0.9962   0.244871E-01  -0.783911E-02   0.000000E+00   0.000000E+00
 0.4000   50.00   180.00    10.00  -0.9848   0.260369E-01  -0.652511E-02   0.000000E+00   0.000000E+00
 0.4000   50.00   180.00    15.00  -0.9659   0.277008E-01  -0.525909E-02   0.000000E+00   0.000000E+00
 0.4000   50.00   180.00    20.00  -0.9397   0.294622E-01  -0.406520E-02   0.000000E+00   0.000000E+00
 0.4000   50.00   180.00    25.00  -0.9063   0.313061E-01  -0.296905E-02   0.000000E+00   0.000000E+00
 0.4000   50.00   180.00    30.00  -0.8660   0.332192E-01  -0.199802E-02   0.000000E+00   0.000000E+00
 0.4000   50.00   180.00    35.00  -0.8192   0.351892E-01  -0.118165E-02   0.000000E+00   0.000000E+00
 0.4000   50.00   180.00    40.00  -0.7660   0.372045E-01  -0.552174E-03   0.000000E+00   0.000000E+00
 0.4000   50.00   180.00    45.00  -0.7071   0.392519E-01  -0.145143E-03   0.000000E+00   0.000000E+00
 0.4000   50.00   180.00    50.00  -0.6428   0.413136E-01   0.000000E+00   0.000000E+00   0.000000E+00
 0.4000   50.00   180.00    55.00  -0.5736   0.433598E-01  -0.160333E-03   0.000000E+00   0.000000E+00
 0.4000   50.00   180.00    60.00  -0.5000   0.453339E-01  -0.672828E-03   0.000000E+00   0.000000E+00
 0.4000   50.00   180.00    65.00  -0.4226   0.471208E-01  -0.158231E-02   0.000000E+00   0.000000E+00
 0.4000   50.00   180.00    70.00  -0.3420   0.484769E-01  -0.291572E-02   0.000000E+00   0.000000E+00
 0.4000   50.00   180.00    75.00  -0.2588   0.488712E-01  -0.463492E-02   0.000000E+00   0.000000E+00
 0.4000   50.00   180.00    80.00  -0.1736   0.471100E-01  -0.650024E-02   0.000000E+00   0.000000E+00
 0.4000   50.00   180.00    85.00  -0.0872   0.404087E-01  -0.767171E-02   0.000000E+00   0.000000E+00
 0.4000   60.00     0.00     0.00  -1.0000   0.175437E-01  -0.100299E-01   0.000000E+00   0.000000E+00
 0.4000   60.00     0.00     5.00  -0.9962   0.166307E-01  -0.110123E-01   0.000000E+00   0.000000E+00
 0.4000   60.00     0.00    10.00  -0.9848   0.159242E-01  -0.119283E-01   0.000000E+00   0.000000E+00
 0.4000   60.00     0.00    15.00  -0.9659   0.154428E-01  -0.127638E-01   0.000000E+00   0.000000E+00
 0.4000   60.00     0.00    20.00  -0.9397   0.152067E-01  -0.135056E-01   0.000000E+00   0.000000E+00
 0.4000   60.00     0.00    25.00  -0.9063   0.152392E-01  -0.141413E-01   0.000000E+00   0.000000E+00
 0.4000   60.00     0.00    30.00  -0.8660   0.155659E-01  -0.146591E-01   0.000000E+00   0.000000E+00
 0.4000   60.00     0.00    35.00  -0.8192   0.162162E-01  -0.150479E-01   0.000000E+00   0.000000E+00
 0.4000   60.00     0.00    40.00  -0.7660   0.172233E-01  -0.152965E-01   0.000000E+00   0.000000E+00
 0.4000   60.00     0.00    45.00  -0.7071   0.186244E-01  -0.153935E-01   0.000000E+00   0.000000E+00
 0.4000   60.00     0.00    50.00  -0.6428   0.204606E-01  -0.153263E-01   0.000000E+00   0.000000E+00
 0.4000   60.00     0.00    55.00  -0.5736   0.227737E-01  -0.150800E-01   0.000000E+00   0.000000E+00
 0.4000   60.00     0.00    60.00  -0.5000   0.255984E-01  -0.146349E-01   0.000000E+00   0.000000E+00
 0.4000   60.00     0.00    65.00  -0.4226   0.289399E-01  -0.139620E-01   0.000000E+00   0.000000E+00
 0.4000   60.00     0.00    70.00  -0.3420   0.327150E-01  -0.130153E-01   0.000000E+00   0.000000E+00
 0.4000   60.00     0.00    75.00  -0.2588   0.365946E-01  -0.117151E-01   0.000000E+00   0.000000E+00
 0.4000   60.00     0.00    80.00  -0.1736   0.395603E-01  -0.991422E-02   0.000000E+00   0.000000E+00
 0.4000   60.00     0.00    85.00  -0.0872   0.385747E-01  -0.732353E-02   0.000000E+00   0.000000E+00
 0.4000   60.00    45.00     0.00  -1.0000   0.175437E-01  -0.222709E-17  -0.100299E-01   0.000000E+00
 0.4000   60.00    45.00     5.00  -0.9962   0.168878E-01  -0.700095E-03  -0.107324E-01   0.000000E+00
 0.4000   60.00    45.00    10.00  -0.9848   0.163575E-01  -0.136372E-02  -0.114139E-01   0.000000E+00
 0.4000   60.00    45.00    15.00  -0.9659   0.159666E-01  -0.197979E-02  -0.120787E-01   0.000000E+00
 0.4000   60.00    45.00    20.00  -0.9397   0.157311E-01  -0.253709E-02  -0.127308E-01   0.000000E+00
 0.4000   60.00    45.00    25.00  -0.9063   0.156692E-01  -0.302412E-02  -0.133736E-01   0.000000E+00
 0.4000   60.00    45.00    30.00  -0.8660   0.158017E-01  -0.342900E-02  -0.140098E-01   0.000000E+00
 0.4000   60.00    45.00    35.00  -0.8192   0.161526E-01  -0.373918E-02  -0.146416E-01   0.000000E+00
 0.4000   60.00    45.00    40.00  -0.7660   0.167495E-01  -0.394125E-02  -0.152699E-01   0.000000E+00
 0.4000   60.00    45.00    45.00  -0.7071   0.176234E-01  -0.402050E-02  -0.158939E-01   0.000000E+00
 0.4000   60.00    45.00    50.00  -0.6428   0.188089E-01  -0.396047E-02  -0.165096E-01   0.000000E+00
 0.4000   60.00    45.00    55.00  -0.5736   0.203420E-01  -0.374240E-02  -0.171071E-01   0.000000E+00
 0.4000   60.00    45.00    60.00  -0.5000   0.222536E-01  -0.334485E-02  -0.176658E-01   0.000000E+00
 0.4000   60.00    45.00    65.00  -0.4226   0.245523E-01  -0.274404E-02  -0.181433E-01   0.000000E+00
 0.4000   60.00    45.00    70.00  -0.3420   0.271788E-01  -0.191705E-02  -0.184521E-01   0.000000E+00
 0.4000   60.00    45.00    75.00  -0.2588   0.298826E-01  -0.854417E-03  -0.184072E-01   0.000000E+00
 0.4000   60.00    45.00    80.00  -0.1736   0.318743E-01   0.396134E-03  -0.175958E-01   0.000000E+00
 0.4000   60.00    45.00    85.00  -0.0872   0.307807E-01   0.157788E-02  -0.150351E-01   0.000000E+00
 0.4000   60.00    90.00     0.00  -1.0000   0.175437E-01   0.100299E-01  -0.122831E-17   0.000000E+00
 0.4000   60.00    90.00     5.00  -0.9962   0.175624E-01   0.100297E-01  -0.101194E-02   0.000000E+00
 0.4000   60.00    90.00    10.00  -0.9848   0.176193E-01   0.100295E-01  -0.203146E-02   0.000000E+00
 0.4000   60.00    90.00    15.00  -0.9659   0.177173E-01   0.100310E-01  -0.306632E-02   0.000000E+00
 0.4000   60.00    90.00    20.00  -0.9397   0.178610E-01   0.100369E-01  -0.412470E-02   0.000000E+00
 0.4000   60.00    90.00    25.00  -0.9063   0.180570E-01   0.100509E-01  -0.521529E-02   0.000000E+00
 0.4000   60.00    90.00    30.00  -0.8660   0.183145E-01   0.100782E-01  -0.634760E-02   0.000000E+00
 0.4000   60.00    90.00    35.00  -0.8192   0.186447E-01   0.101252E-01  -0.753200E-02   0.000000E+00
 0.4000   60.00    90.00    40.00  -0.7660   0.190616E-01   0.101999E-01  -0.877987E-02   0.000000E+00
 0.4000   60.00    90.00    45.00  -0.7071   0.195816E-01   0.103117E-01  -0.101033E-01   0.000000E+00
 0.4000   60.00    90.00    50.00  -0.6428   0.202231E-01   0.104712E-01  -0.115146E-01   0.000000E+00
 0.4000   60.00    90.00    55.00  -0.5736   0.210047E-01   0.106895E-01  -0.130240E-01   0.000000E+00
 0.4000   60.00    90.00    60.00  -0.5000   0.219397E-01   0.109761E-01  -0.146349E-01   0.000000E+00
 0.4000   60.00    90.00    65.00  -0.4226   0.230236E-01   0.113328E-01  -0.163314E-01   0.000000E+00
 0.4000   60.00    90.00    70.00  -0.3420   0.241997E-01   0.117382E-01  -0.180494E-01   0.000000E+00
 0.4000   60.00    90.00    75.00  -0.2588   0.252718E-01   0.121075E-01  -0.195997E-01   0.000000E+00
 0.4000   60.00    90.00    80.00  -0.1736   0.256603E-01   0.121785E-01  -0.204647E-01   0.000000E+00
 0.4000   60.00    90.00    85.00  -0.0872   0.236799E-01   0.111726E-01  -0.192049E-01   0.000000E+00
 0.4000   60.00   135.00     0.00  -1.0000   0.175437E-01   0.222709E-17   0.100299E-01   0.000000E+00
 0.4000   60.00   135.00     5.00  -0.9962   0.183134E-01   0.725555E-03   0.930133E-02   0.000000E+00
 0.4000   60.00   135.00    10.00  -0.9848   0.191867E-01   0.146555E-02   0.854098E-02   0.000000E+00
 0.4000   60.00   135.00    15.00  -0.9659   0.201553E-01   0.220889E-02   0.774230E-02   0.000000E+00
 0.4000   60.00   135.00    20.00  -0.9397   0.212125E-01   0.294433E-02   0.689764E-02   0.000000E+00
 0.4000   60.00   135.00    25.00  -0.9063   0.223537E-01   0.366038E-02   0.599806E-02   0.000000E+00
 0.4000   60.00   135.00    30.00  -0.8660   0.235759E-01   0.434519E-02   0.503297E-02   0.000000E+00
 0.4000   60.00   135.00    35.00  -0.8192   0.248781E-01   0.498631E-02   0.398974E-02   0.000000E+00
 0.4000   60.00   135.00    40.00  -0.7660   0.262611E-01   0.557042E-02   0.285330E-02   0.000000E+00
 0.4000   60.00   135.00    45.00  -0.7071   0.277267E-01   0.608284E-02   0.160561E-02   0.000000E+00
 0.4000   60.00   135.00    50.00  -0.6428   0.292762E-01   0.650679E-02   0.225397E-03   0.000000E+00
 0.4000   60.00   135.00    55.00  -0.5736   0.309066E-01   0.682217E-02  -0.131164E-02   0.000000E+00
 0.4000   60.00   135.00    60.00  -0.5000   0.326020E-01   0.700356E-02  -0.303098E-02   0.000000E+00
 0.4000   60.00   135.00    65.00  -0.4226   0.343131E-01   0.701681E-02  -0.495288E-02   0.000000E+00
 0.4000   60.00   135.00    70.00  -0.3420   0.359091E-01   0.681323E-02  -0.707353E-02   0.000000E+00
 0.4000   60.00   135.00    75.00  -0.2588   0.370566E-01   0.631958E-02  -0.931097E-02   0.000000E+00
 0.4000   60.00   135.00    80.00  -0.1736   0.369000E-01   0.542177E-02  -0.113457E-01   0.000000E+00
 0.4000   60.00   135.00    85.00  -0.0872   0.331478E-01   0.394502E-02  -0.121248E-01   0.000000E+00
 0.4000   60.00   180.00     0.00  -1.0000   0.175437E-01  -0.100299E-01   0.000000E+00   0.000000E+00
 0.4000   60.00   180.00     5.00  -0.9962   0.186469E-01  -0.899614E-02   0.000000E+00   0.000000E+00
 0.4000   60.00   180.00    10.00  -0.9848   0.199254E-01  -0.792710E-02   0.000000E+00   0.000000E+00
 0.4000   60.00   180.00    15.00  -0.9659   0.213664E-01  -0.684008E-02   0.000000E+00   0.000000E+00
 0.4000   60.00   180.00    20.00  -0.9397   0.229586E-01  -0.575367E-02   0.000000E+00   0.000000E+00
 0.4000   60.00   180.00    25.00  -0.9063   0.246925E-01  -0.468794E-02   0.000000E+00   0.000000E+00
 0.4000   60.00   180.00    30.00  -0.8660   0.265603E-01  -0.366479E-02   0.000000E+00   0.000000E+00
 0.4000   60.00   180.00    35.00  -0.8192   0.285559E-01  -0.270823E-02   0.000000E+00   0.000000E+00
 0.4000   60.00   180.00    40.00  -0.7660   0.306748E-01  -0.184499E-02   0.000000E+00   0.000000E+00
 0.4000   60.00   180.00    45.00  -0.7071   0.329127E-01  -0.110520E-02   0.000000E+00   0.000000E+00
 0.4000   60.00   180.00    50.00  -0.6428   0.352635E-01  -0.523367E-03   0.000000E+00   0.000000E+00
 0.4000   60.00   180.00    55.00  -0.5736   0.377143E-01  -0.139458E-03   0.000000E+00   0.000000E+00
 0.4000   60.00   180.00    60.00  -0.5000   0.402333E-01   0.000000E+00   0.000000E+00   0.000000E+00
 0.4000   60.00   180.00    65.00  -0.4226   0.427438E-01  -0.158056E-03   0.000000E+00   0.000000E+00
 0.4000   60.00   180.00    70.00  -0.3420   0.450615E-01  -0.668784E-03   0.000000E+00   0.000000E+00
 0.4000   60.00   180.00    75.00  -0.2588   0.467401E-01  -0.156952E-02   0.000000E+00   0.000000E+00
 0.4000   60.00   180.00    80.00  -0.1736   0.466676E-01  -0.280690E-02   0.000000E+00   0.000000E+00
 0.4000   60.00   180.00    85.00  -0.0872   0.419224E-01  -0.397589E-02   0.000000E+00   0.000000E+00
 0.4000   70.00     0.00     0.00  -1.0000   0.117614E-01  -0.881004E-02   0.000000E+00   0.000000E+00
 0.4000   70.00     0.00     5.00  -0.9962   0.112929E-01  -0.933383E-02   0.000000E+00   0.000000E+00
 0.4000   70.00     0.00    10.00  -0.9848   0.110130E-01  -0.978099E-02   0.000000E+00   0.000000E+00
 0.4000   70.00     0.00    15.00  -0.9659   0.109324E-01  -0.101448E-01   0.000000E+00   0.000000E+00
 0.4000   70.00     0.00    20.00  -0.9397   0.110637E-01  -0.104192E-01   0.000000E+00   0.000000E+00
 0.4000   70.00     0.00    25.00  -0.9063   0.114221E-01  -0.105992E-01   0.000000E+00   0.000000E+00
 0.4000   70.00     0.00    30.00  -0.8660   0.120256E-01  -0.106803E-01   0.000000E+00   0.000000E+00
 0.4000   70.00     0.00    35.00  -0.8192   0.128959E-01  -0.106587E-01   0.000000E+00   0.000000E+00
 0.4000   70.00     0.00    40.00  -0.7660   0.140591E-01  -0.105312E-01   0.000000E+00   0.000000E+00
 0.4000   70.00     0.00    45.00  -0.7071   0.155471E-01  -0.102948E-01   0.000000E+00   0.000000E+00
 0.4000   70.00     0.00    50.00  -0.6428   0.173985E-01  -0.994691E-02   0.000000E+00   0.000000E+00
 0.4000   70.00     0.00    55.00  -0.5736   0.196588E-01  -0.948435E-02   0.000000E+00   0.000000E+00
 0.4000   70.00     0.00    60.00  -0.5000   0.223784E-01  -0.890297E-02   0.000000E+00   0.000000E+00
 0.4000   70.00     0.00    65.00  -0.4226   0.256024E-01  -0.819615E-02   0.000000E+00   0.000000E+00
 0.4000   70.00     0.00    70.00  -0.3420   0.293371E-01  -0.735218E-02   0.000000E+00   0.000000E+00
 0.4000   70.00     0.00    75.00  -0.2588   0.334403E-01  -0.634874E-02   0.000000E+00   0.000000E+00
 0.4000   70.00     0.00    80.00  -0.1736   0.372531E-01  -0.514019E-02   0.000000E+00   0.000000E+00
 0.4000   70.00     0.00    85.00  -0.0872   0.382527E-01  -0.362787E-02   0.000000E+00   0.000000E+00
 0.4000   70.00    45.00     0.00  -1.0000   0.117614E-01  -0.195622E-17  -0.881004E-02   0.000000E+00
 0.4000   70.00    45.00     5.00  -0.9962   0.114229E-01  -0.370127E-03  -0.919641E-02   0.000000E+00
 0.4000   70.00    45.00    10.00  -0.9848   0.112034E-01  -0.685197E-03  -0.956605E-02   0.000000E+00
 0.4000   70.00    45.00    15.00  -0.9659   0.111112E-01  -0.939340E-03  -0.992159E-02   0.000000E+00
 0.4000   70.00    45.00    20.00  -0.9397   0.111560E-01  -0.112649E-02  -0.102653E-01   0.000000E+00
 0.4000   70.00    45.00    25.00  -0.9063   0.113501E-01  -0.124028E-02  -0.105989E-01   0.000000E+00
 0.4000   70.00    45.00    30.00  -0.8660   0.117078E-01  -0.127390E-02  -0.109240E-01   0.000000E+00
 0.4000   70.00    45.00    35.00  -0.8192   0.122470E-01  -0.121992E-02  -0.112415E-01   0.000000E+00
 0.4000   70.00    45.00    40.00  -0.7660   0.129891E-01  -0.107000E-02  -0.115517E-01   0.000000E+00
 0.4000   70.00    45.00    45.00  -0.7071   0.139602E-01  -0.814581E-03  -0.118539E-01   0.000000E+00
 0.4000   70.00    45.00    50.00  -0.6428   0.151919E-01  -0.442481E-03  -0.121455E-01   0.000000E+00
 0.4000   70.00    45.00    55.00  -0.5736   0.167217E-01   0.595178E-04  -0.124214E-01   0.000000E+00
 0.4000   70.00    45.00    60.00  -0.5000   0.185914E-01   0.706796E-03  -0.126702E-01   0.000000E+00
 0.4000   70.00    45.00    65.00  -0.4226   0.208397E-01   0.151594E-02  -0.128699E-01   0.000000E+00
 0.4000   70.00    45.00    70.00  -0.3420   0.234765E-01   0.249993E-02  -0.129742E-01   0.000000E+00
 0.4000   70.00    45.00    75.00  -0.2588   0.263991E-01   0.365042E-02  -0.128826E-01   0.000000E+00
 0.4000   70.00    45.00    80.00  -0.1736   0.291110E-01   0.487331E-02  -0.123560E-01   0.000000E+00
 0.4000   70.00    45.00    85.00  -0.0872   0.296849E-01   0.574030E-02  -0.107603E-01   0.000000E+00
 0.4000   70.00    90.00     0.00  -1.0000   0.117614E-01   0.881004E-02  -0.107892E-17   0.000000E+00
 0.4000   70.00    90.00     5.00  -0.9962   0.117841E-01   0.882484E-02  -0.560449E-03   0.000000E+00
 0.4000   70.00    90.00    10.00  -0.9848   0.118531E-01   0.886979E-02  -0.112569E-02   0.000000E+00
 0.4000   70.00    90.00    15.00  -0.9659   0.119704E-01   0.894652E-02  -0.170066E-02   0.000000E+00
 0.4000   70.00    90.00    20.00  -0.9397   0.121400E-01   0.905783E-02  -0.229063E-02   0.000000E+00
 0.4000   70.00    90.00    25.00  -0.9063   0.123672E-01   0.920784E-02  -0.290136E-02   0.000000E+00
 0.4000   70.00    90.00    30.00  -0.8660   0.126597E-01   0.940211E-02  -0.353931E-02   0.000000E+00
 0.4000   70.00    90.00    35.00  -0.8192   0.130273E-01   0.964797E-02  -0.421188E-02   0.000000E+00
 0.4000   70.00    90.00    40.00  -0.7660   0.134827E-01   0.995474E-02  -0.492765E-02   0.000000E+00
 0.4000   70.00    90.00    45.00  -0.7071   0.140417E-01   0.103342E-01  -0.569665E-02   0.000000E+00
 0.4000   70.00    90.00    50.00  -0.6428   0.147239E-01   0.108007E-01  -0.653053E-02   0.000000E+00
 0.4000   70.00    90.00    55.00  -0.5736   0.155527E-01   0.113716E-01  -0.744236E-02   0.000000E+00
 0.4000   70.00    90.00    60.00  -0.5000   0.165536E-01   0.120657E-01  -0.844549E-02   0.000000E+00
 0.4000   70.00    90.00    65.00  -0.4226   0.177487E-01   0.128997E-01  -0.954955E-02   0.000000E+00
 0.4000   70.00    90.00    70.00  -0.3420   0.191385E-01   0.138747E-01  -0.107482E-01   0.000000E+00
 0.4000   70.00    90.00    75.00  -0.2588   0.206425E-01   0.149341E-01  -0.119816E-01   0.000000E+00
 0.4000   70.00    90.00    80.00  -0.1736   0.219051E-01   0.158230E-01  -0.130154E-01   0.000000E+00
 0.4000   70.00    90.00    85.00  -0.0872   0.215866E-01   0.155780E-01  -0.130067E-01   0.000000E+00
 0.4000   70.00   135.00     0.00  -1.0000   0.117614E-01   0.195622E-17   0.881004E-02   0.000000E+00
 0.4000   70.00   135.00     5.00  -0.9962   0.122125E-01   0.419451E-03   0.840382E-02   0.000000E+00
 0.4000   70.00   135.00    10.00  -0.9848   0.127712E-01   0.882580E-03   0.797409E-02   0.000000E+00
 0.4000   70.00   135.00    15.00  -0.9659   0.134343E-01   0.138380E-02   0.751650E-02   0.000000E+00
 0.4000   70.00   135.00    20.00  -0.9397   0.142001E-01   0.191758E-02   0.702584E-02   0.000000E+00
 0.4000   70.00   135.00    25.00  -0.9063   0.150688E-01   0.247842E-02   0.649580E-02   0.000000E+00
 0.4000   70.00   135.00    30.00  -0.8660   0.160426E-01   0.306084E-02   0.591871E-02   0.000000E+00
 0.4000   70.00   135.00    35.00  -0.8192   0.171263E-01   0.365935E-02   0.528504E-02   0.000000E+00
 0.4000   70.00   135.00    40.00  -0.7660   0.183275E-01   0.426837E-02   0.458296E-02   0.000000E+00
 0.4000   70.00   135.00    45.00  -0.7071   0.196568E-01   0.488207E-02   0.379757E-02   0.000000E+00
 0.4000   70.00   135.00    50.00  -0.6428   0.211284E-01   0.549402E-02   0.290998E-02   0.000000E+00
 0.4000   70.00   135.00    55.00  -0.5736   0.227586E-01   0.609646E-02   0.189628E-02   0.000000E+00
 0.4000   70.00   135.00    60.00  -0.5000   0.245633E-01   0.667866E-02   0.726495E-03   0.000000E+00
 0.4000   70.00   135.00    65.00  -0.4226   0.265472E-01   0.722344E-02  -0.635254E-03   0.000000E+00
 0.4000   70.00   135.00    70.00  -0.3420   0.286752E-01   0.769870E-02  -0.222602E-02   0.000000E+00
 0.4000   70.00   135.00    75.00  -0.2588   0.307847E-01   0.803600E-02  -0.406195E-02   0.000000E+00
 0.4000   70.00   135.00    80.00  -0.1736   0.323073E-01   0.806957E-02  -0.605060E-02   0.000000E+00
 0.4000   70.00   135.00    85.00  -0.0872   0.312880E-01   0.734346E-02  -0.763388E-02   0.000000E+00
 0.4000   70.00   180.00     0.00  -1.0000   0.117614E-01  -0.881004E-02   0.000000E+00   0.000000E+00
 0.4000   70.00   180.00     5.00  -0.9962   0.124095E-01  -0.821720E-02   0.000000E+00   0.000000E+00
 0.4000   70.00   180.00    10.00  -0.9848   0.132302E-01  -0.756382E-02   0.000000E+00   0.000000E+00
 0.4000   70.00   180.00    15.00  -0.9659   0.142178E-01  -0.685934E-02   0.000000E+00   0.000000E+00
 0.4000   70.00   180.00    20.00  -0.9397   0.153687E-01  -0.611425E-02   0.000000E+00   0.000000E+00
 0.4000   70.00   180.00    25.00  -0.9063   0.166812E-01  -0.534017E-02   0.000000E+00   0.000000E+00
 0.4000   70.00   180.00    30.00  -0.8660   0.181559E-01  -0.455004E-02   0.000000E+00   0.000000E+00
 0.4000   70.00   180.00    35.00  -0.8192   0.197962E-01  -0.375837E-02   0.000000E+00   0.000000E+00
 0.4000   70.00   180.00    40.00  -0.7660   0.216087E-01  -0.298157E-02   0.000000E+00   0.000000E+00
 0.4000   70.00   180.00    45.00  -0.7071   0.236034E-01  -0.223853E-02   0.000000E+00   0.000000E+00
 0.4000   70.00   180.00    50.00  -0.6428   0.257940E-01  -0.155142E-02   0.000000E+00   0.000000E+00
 0.4000   70.00   180.00    55.00  -0.5736   0.281963E-01  -0.946828E-03   0.000000E+00   0.000000E+00
 0.4000   70.00   180.00    60.00  -0.5000   0.308239E-01  -0.457475E-03   0.000000E+00   0.000000E+00
 0.4000   70.00   180.00    65.00  -0.4226   0.336740E-01  -0.124518E-03   0.000000E+00   0.000000E+00
 0.4000   70.00   180.00    70.00  -0.3420   0.366893E-01   0.000000E+00   0.000000E+00   0.000000E+00
 0.4000   70.00   180.00    75.00  -0.2588   0.396424E-01  -0.146587E-03   0.000000E+00   0.000000E+00
 0.4000   70.00   180.00    80.00  -0.1736   0.417733E-01  -0.619982E-03   0.000000E+00   0.000000E+00
 0.4000   70.00   180.00    85.00  -0.0872   0.405200E-01  -0.136065E-02   0.000000E+00   0.000000E+00
 0.4000   80.00     0.00     0.00  -1.0000   0.548531E-02  -0.487166E-02   0.000000E+00   0.000000E+00
 0.4000   80.00     0.00     5.00  -0.9962   0.538843E-02  -0.500022E-02   0.000000E+00   0.000000E+00
 0.4000   80.00     0.00    10.00  -0.9848   0.539957E-02  -0.508504E-02   0.000000E+00   0.000000E+00
 0.4000   80.00     0.00    15.00  -0.9659   0.552277E-02  -0.512488E-02   0.000000E+00   0.000000E+00
 0.4000   80.00     0.00    20.00  -0.9397   0.576372E-02  -0.511893E-02   0.000000E+00   0.000000E+00
 0.4000   80.00     0.00    25.00  -0.9063   0.613021E-02  -0.506675E-02   0.000000E+00   0.000000E+00
 0.4000   80.00     0.00    30.00  -0.8660   0.663260E-02  -0.496825E-02   0.000000E+00   0.000000E+00
 0.4000   80.00     0.00    35.00  -0.8192   0.728475E-02  -0.482373E-02   0.000000E+00   0.000000E+00
 0.4000   80.00     0.00    40.00  -0.7660   0.810521E-02  -0.463382E-02   0.000000E+00   0.000000E+00
 0.4000   80.00     0.00    45.00  -0.7071   0.911908E-02  -0.439948E-02   0.000000E+00   0.000000E+00
 0.4000   80.00     0.00    50.00  -0.6428   0.103608E-01  -0.412193E-02   0.000000E+00   0.000000E+00
 0.4000   80.00     0.00    55.00  -0.5736   0.118783E-01  -0.380263E-02   0.000000E+00   0.000000E+00
 0.4000   80.00     0.00    60.00  -0.5000   0.137392E-01  -0.344317E-02   0.000000E+00   0.000000E+00
 0.4000   80.00     0.00    65.00  -0.4226   0.160394E-01  -0.304513E-02   0.000000E+00   0.000000E+00
 0.4000   80.00     0.00    70.00  -0.3420   0.189139E-01  -0.260974E-02   0.000000E+00   0.000000E+00
 0.4000   80.00     0.00    75.00  -0.2588   0.225350E-01  -0.213720E-02   0.000000E+00   0.000000E+00
 0.4000   80.00     0.00    80.00  -0.1736   0.270170E-01  -0.162498E-02   0.000000E+00   0.000000E+00
 0.4000   80.00     0.00    85.00  -0.0872   0.316897E-01  -0.106414E-02   0.000000E+00   0.000000E+00
 0.4000   80.00    45.00     0.00  -1.0000   0.548531E-02  -0.108173E-17  -0.487166E-02   0.000000E+00
 0.4000   80.00    45.00     5.00  -0.9962   0.541369E-02  -0.883927E-04  -0.497417E-02   0.000000E+00
 0.4000   80.00    45.00    10.00  -0.9848   0.541233E-02  -0.140575E-03  -0.507033E-02   0.000000E+00
 0.4000   80.00    45.00    15.00  -0.9659   0.548435E-02  -0.154910E-03  -0.516098E-02   0.000000E+00
 0.4000   80.00    45.00    20.00  -0.9397   0.563425E-02  -0.129469E-03  -0.524681E-02   0.000000E+00
 0.4000   80.00    45.00    25.00  -0.9063   0.586823E-02  -0.619475E-04  -0.532836E-02   0.000000E+00
 0.4000   80.00    45.00    30.00  -0.8660   0.619457E-02   0.504718E-04  -0.540605E-02   0.000000E+00
 0.4000   80.00    45.00    35.00  -0.8192   0.662427E-02   0.211324E-03  -0.548014E-02   0.000000E+00
 0.4000   80.00    45.00    40.00  -0.7660   0.717207E-02   0.425165E-03  -0.555070E-02   0.000000E+00
 0.4000   80.00    45.00    45.00  -0.7071   0.785778E-02   0.698020E-03  -0.561758E-02   0.000000E+00
 0.4000   80.00    45.00    50.00  -0.6428   0.870847E-02   0.103806E-02  -0.568019E-02   0.000000E+00
 0.4000   80.00    45.00    55.00  -0.5736   0.976161E-02   0.145660E-02  -0.573732E-02   0.000000E+00
 0.4000   80.00    45.00    60.00  -0.5000   0.110698E-01   0.196965E-02  -0.578646E-02   0.000000E+00
 0.4000   80.00    45.00    65.00  -0.4226   0.127078E-01   0.260013E-02  -0.582259E-02   0.000000E+00
 0.4000   80.00    45.00    70.00  -0.3420   0.147800E-01   0.338060E-02  -0.583503E-02   0.000000E+00
 0.4000   80.00    45.00    75.00  -0.2588   0.174208E-01   0.435377E-02  -0.579895E-02   0.000000E+00
 0.4000   80.00    45.00    80.00  -0.1736   0.207219E-01   0.555236E-02  -0.564799E-02   0.000000E+00
 0.4000   80.00    45.00    85.00  -0.0872   0.241831E-01   0.683586E-02  -0.517001E-02   0.000000E+00
 0.4000   80.00    90.00     0.00  -1.0000   0.548531E-02   0.487166E-02  -0.596607E-18   0.000000E+00
 0.4000   80.00    90.00     5.00  -0.9962   0.550093E-02   0.488541E-02  -0.150193E-03   0.000000E+00
 0.4000   80.00    90.00    10.00  -0.9848   0.554828E-02   0.492708E-02  -0.302006E-03   0.000000E+00
 0.4000   80.00    90.00    15.00  -0.9659   0.562882E-02   0.499796E-02  -0.457134E-03   0.000000E+00
 0.4000   80.00    90.00    20.00  -0.9397   0.574510E-02   0.510032E-02  -0.617419E-03   0.000000E+00
 0.4000   80.00    90.00    25.00  -0.9063   0.590093E-02   0.523752E-02  -0.784949E-03   0.000000E+00
 0.4000   80.00    90.00    30.00  -0.8660   0.610168E-02   0.541434E-02  -0.962173E-03   0.000000E+00
 0.4000   80.00    90.00    35.00  -0.8192   0.635469E-02   0.563727E-02  -0.115206E-02   0.000000E+00
 0.4000   80.00    90.00    40.00  -0.7660   0.666993E-02   0.591515E-02  -0.135830E-02   0.000000E+00
 0.4000   80.00    90.00    45.00  -0.7071   0.706091E-02   0.625995E-02  -0.158566E-02   0.000000E+00
 0.4000   80.00    90.00    50.00  -0.6428   0.754612E-02   0.668803E-02  -0.184034E-02   0.000000E+00
 0.4000   80.00    90.00    55.00  -0.5736   0.815113E-02   0.722205E-02  -0.213074E-02   0.000000E+00
 0.4000   80.00    90.00    60.00  -0.5000   0.891172E-02   0.789368E-02  -0.246835E-02   0.000000E+00
 0.4000   80.00    90.00    65.00  -0.4226   0.987839E-02   0.874765E-02  -0.286914E-02   0.000000E+00
 0.4000   80.00    90.00    70.00  -0.3420   0.111215E-01   0.984624E-02  -0.335502E-02   0.000000E+00
 0.4000   80.00    90.00    75.00  -0.2588   0.127303E-01   0.112685E-01  -0.395316E-02   0.000000E+00
 0.4000   80.00    90.00    80.00  -0.1736   0.147633E-01   0.130662E-01  -0.467895E-02   0.000000E+00
 0.4000   80.00    90.00    85.00  -0.0872   0.168719E-01   0.149313E-01  -0.541253E-02   0.000000E+00
 0.4000   80.00   135.00     0.00  -1.0000   0.548531E-02   0.108173E-17   0.487166E-02   0.000000E+00
 0.4000   80.00   135.00     5.00  -0.9962   0.562529E-02   0.123204E-03   0.476177E-02   0.000000E+00
 0.4000   80.00   135.00    10.00  -0.9848   0.583294E-02   0.280037E-03   0.464323E-02   0.000000E+00
 0.4000   80.00   135.00    15.00  -0.9659   0.610880E-02   0.469546E-03   0.451449E-02   0.000000E+00
 0.4000   80.00   135.00    20.00  -0.9397   0.645476E-02   0.691035E-03   0.437364E-02   0.000000E+00
 0.4000   80.00   135.00    25.00  -0.9063   0.687431E-02   0.944132E-03   0.421827E-02   0.000000E+00
 0.4000   80.00   135.00    30.00  -0.8660   0.737298E-02   0.122889E-02   0.404533E-02   0.000000E+00
 0.4000   80.00   135.00    35.00  -0.8192   0.795888E-02   0.154593E-02   0.385088E-02   0.000000E+00
 0.4000   80.00   135.00    40.00  -0.7660   0.864359E-02   0.189669E-02   0.362977E-02   0.000000E+00
 0.4000   80.00   135.00    45.00  -0.7071   0.944343E-02   0.228368E-02   0.337512E-02   0.000000E+00
 0.4000   80.00   135.00    50.00  -0.6428   0.103814E-01   0.271100E-02   0.307756E-02   0.000000E+00
 0.4000   80.00   135.00    55.00  -0.5736   0.114900E-01   0.318496E-02   0.272400E-02   0.000000E+00
 0.4000   80.00   135.00    60.00  -0.5000   0.128152E-01   0.371503E-02   0.229569E-02   0.000000E+00
 0.4000   80.00   135.00    65.00  -0.4226   0.144226E-01   0.431493E-02   0.176502E-02   0.000000E+00
 0.4000   80.00   135.00    70.00  -0.3420   0.164028E-01   0.500338E-02   0.109032E-02   0.000000E+00
 0.4000   80.00   135.00    75.00  -0.2588   0.188677E-01   0.580072E-02   0.208335E-03   0.000000E+00
 0.4000   80.00   135.00    80.00  -0.1736   0.218709E-01   0.670140E-02  -0.969042E-03   0.000000E+00
 0.4000   80.00   135.00    85.00  -0.0872   0.248502E-01   0.750299E-02  -0.248446E-02   0.000000E+00
 0.4000   80.00   180.00     0.00  -1.0000   0.548531E-02  -0.487166E-02   0.000000E+00   0.000000E+00
 0.4000   80.00   180.00     5.00  -0.9962   0.568767E-02  -0.470098E-02   0.000000E+00   0.000000E+00
 0.4000   80.00   180.00    10.00  -0.9848   0.599441E-02  -0.449020E-02   0.000000E+00   0.000000E+00
 0.4000   80.00   180.00    15.00  -0.9659   0.640588E-02  -0.424177E-02   0.000000E+00   0.000000E+00
 0.4000   80.00   180.00    20.00  -0.9397   0.692409E-02  -0.395857E-02   0.000000E+00   0.000000E+00
 0.4000   80.00   180.00    25.00  -0.9063   0.755302E-02  -0.364393E-02   0.000000E+00   0.000000E+00
 0.4000   80.00   180.00    30.00  -0.8660   0.829914E-02  -0.330171E-02   0.000000E+00   0.000000E+00
 0.4000   80.00   180.00    35.00  -0.8192   0.917218E-02  -0.293631E-02   0.000000E+00   0.000000E+00
 0.4000   80.00   180.00    40.00  -0.7660   0.101863E-01  -0.255278E-02   0.000000E+00   0.000000E+00
 0.4000   80.00   180.00    45.00  -0.7071   0.113615E-01  -0.215702E-02   0.000000E+00   0.000000E+00
 0.4000   80.00   180.00    50.00  -0.6428   0.127267E-01  -0.175603E-02   0.000000E+00   0.000000E+00
 0.4000   80.00   180.00    55.00  -0.5736   0.143226E-01  -0.135835E-02   0.000000E+00   0.000000E+00
 0.4000   80.00   180.00    60.00  -0.5000   0.162075E-01  -0.974826E-03   0.000000E+00   0.000000E+00
 0.4000   80.00   180.00    65.00  -0.4226   0.184645E-01  -0.620035E-03   0.000000E+00   0.000000E+00
 0.4000   80.00   180.00    70.00  -0.3420   0.212089E-01  -0.314773E-03   0.000000E+00   0.000000E+00
 0.4000   80.00   180.00    75.00  -0.2588   0.245813E-01  -0.908953E-04   0.000000E+00   0.000000E+00
 0.4000   80.00   180.00    80.00  -0.1736   0.286420E-01  -0.308450E-17   0.000000E+00   0.000000E+00
 0.4000   80.00   180.00    85.00  -0.0872   0.326332E-01  -0.120669E-03   0.000000E+00   0.000000E+00
 0.4000   85.00     0.00     0.00  -1.0000   0.230905E-02  -0.214269E-02   0.000000E+00   0.000000E+00
 0.4000   85.00     0.00     5.00  -0.9962   0.230043E-02  -0.216642E-02   0.000000E+00   0.000000E+00
 0.4000   85.00     0.00    10.00  -0.9848   0.234065E-02  -0.217202E-02   0.000000E+00   0.000000E+00
 0.4000   85.00     0.00    15.00  -0.9659   0.243137E-02  -0.215937E-02   0.000000E+00   0.000000E+00
 0.4000   85.00     0.00    20.00  -0.9397   0.257528E-02  -0.212852E-02   0.000000E+00   0.000000E+00
 0.4000   85.00     0.00    25.00  -0.9063   0.277633E-02  -0.207965E-02   0.000000E+00   0.000000E+00
 0.4000   85.00     0.00    30.00  -0.8660   0.304013E-02  -0.201308E-02   0.000000E+00   0.000000E+00
 0.4000   85.00     0.00    35.00  -0.8192   0.337455E-02  -0.192926E-02   0.000000E+00   0.000000E+00
 0.4000   85.00     0.00    40.00  -0.7660   0.379066E-02  -0.182879E-02   0.000000E+00   0.000000E+00
 0.4000   85.00     0.00    45.00  -0.7071   0.430426E-02  -0.171240E-02   0.000000E+00   0.000000E+00
 0.4000   85.00     0.00    50.00  -0.6428   0.493832E-02  -0.158091E-02   0.000000E+00   0.000000E+00
 0.4000   85.00     0.00    55.00  -0.5736   0.572718E-02  -0.143529E-02   0.000000E+00   0.000000E+00
 0.4000   85.00     0.00    60.00  -0.5000   0.672402E-02  -0.127658E-02   0.000000E+00   0.000000E+00
 0.4000   85.00     0.00    65.00  -0.4226   0.801498E-02  -0.110591E-02   0.000000E+00   0.000000E+00
 0.4000   85.00     0.00    70.00  -0.3420   0.974781E-02  -0.924476E-03   0.000000E+00   0.000000E+00
 0.4000   85.00     0.00    75.00  -0.2588   0.121950E-01  -0.733491E-03   0.000000E+00   0.000000E+00
 0.4000   85.00     0.00    80.00  -0.1736   0.159054E-01  -0.534100E-03   0.000000E+00   0.000000E+00
 0.4000   85.00     0.00    85.00  -0.0872   0.220646E-01  -0.327474E-03   0.000000E+00   0.000000E+00
 0.4000   85.00    45.00     0.00  -1.0000   0.230905E-02  -0.475773E-18  -0.214269E-02   0.000000E+00
 0.4000   85.00    45.00     5.00  -0.9962   0.230183E-02  -0.150554E-04  -0.216497E-02   0.000000E+00
 0.4000   85.00    45.00    10.00  -0.9848   0.232694E-02  -0.137111E-04  -0.218568E-02   0.000000E+00
 0.4000   85.00    45.00    15.00  -0.9659   0.238567E-02   0.452746E-05  -0.220507E-02   0.000000E+00
 0.4000   85.00    45.00    20.00  -0.9397   0.248015E-02   0.403633E-04  -0.222329E-02   0.000000E+00
 0.4000   85.00    45.00    25.00  -0.9063   0.261349E-02   0.947656E-04  -0.224049E-02   0.000000E+00
 0.4000   85.00    45.00    30.00  -0.8660   0.279008E-02   0.169063E-03  -0.225680E-02   0.000000E+00
 0.4000   85.00    45.00    35.00  -0.8192   0.301609E-02   0.265093E-03  -0.227230E-02   0.000000E+00
 0.4000   85.00    45.00    40.00  -0.7660   0.330015E-02   0.385428E-03  -0.228705E-02   0.000000E+00
 0.4000   85.00    45.00    45.00  -0.7071   0.365449E-02   0.533743E-03  -0.230108E-02   0.000000E+00
 0.4000   85.00    45.00    50.00  -0.6428   0.409683E-02   0.715409E-03  -0.231435E-02   0.000000E+00
 0.4000   85.00    45.00    55.00  -0.5736   0.465357E-02   0.938509E-03  -0.232675E-02   0.000000E+00
 0.4000   85.00    45.00    60.00  -0.5000   0.536542E-02   0.121564E-02  -0.233803E-02   0.000000E+00
 0.4000   85.00    45.00    65.00  -0.4226   0.629818E-02   0.156732E-02  -0.234758E-02   0.000000E+00
 0.4000   85.00    45.00    70.00  -0.3420   0.756449E-02   0.202895E-02  -0.235410E-02   0.000000E+00
 0.4000   85.00    45.00    75.00  -0.2588   0.937184E-02   0.266601E-02  -0.235424E-02   0.000000E+00
 0.4000   85.00    45.00    80.00  -0.1736   0.121377E-01   0.361084E-02  -0.233814E-02   0.000000E+00
 0.4000   85.00    45.00    85.00  -0.0872   0.167647E-01   0.515025E-02  -0.226775E-02   0.000000E+00
 0.4000   85.00    90.00     0.00  -1.0000   0.230905E-02   0.214269E-02  -0.262404E-18   0.000000E+00
 0.4000   85.00    90.00     5.00  -0.9962   0.231676E-02   0.214984E-02  -0.327875E-04   0.000000E+00
 0.4000   85.00    90.00    10.00  -0.9848   0.234015E-02   0.217152E-02  -0.659956E-04   0.000000E+00
 0.4000   85.00    90.00    15.00  -0.9659   0.238001E-02   0.220846E-02  -0.100067E-03   0.000000E+00
 0.4000   85.00    90.00    20.00  -0.9397   0.243776E-02   0.226199E-02  -0.135492E-03   0.000000E+00
 0.4000   85.00    90.00    25.00  -0.9063   0.251553E-02   0.233407E-02  -0.172837E-03   0.000000E+00
 0.4000   85.00    90.00    30.00  -0.8660   0.261636E-02   0.242754E-02  -0.212789E-03   0.000000E+00
 0.4000   85.00    90.00    35.00  -0.8192   0.274457E-02   0.254638E-02  -0.256207E-03   0.000000E+00
 0.4000   85.00    90.00    40.00  -0.7660   0.290617E-02   0.269618E-02  -0.304210E-03   0.000000E+00
 0.4000   85.00    90.00    45.00  -0.7071   0.310966E-02   0.288483E-02  -0.358304E-03   0.000000E+00
 0.4000   85.00    90.00    50.00  -0.6428   0.336733E-02   0.312371E-02  -0.420593E-03   0.000000E+00
 0.4000   85.00    90.00    55.00  -0.5736   0.369735E-02   0.342970E-02  -0.494128E-03   0.000000E+00
 0.4000   85.00    90.00    60.00  -0.5000   0.412768E-02   0.382871E-02  -0.583532E-03   0.000000E+00
 0.4000   85.00    90.00    65.00  -0.4226   0.470326E-02   0.436243E-02  -0.696185E-03   0.000000E+00
 0.4000   85.00    90.00    70.00  -0.3420   0.550083E-02   0.510202E-02  -0.844608E-03   0.000000E+00
 0.4000   85.00    90.00    75.00  -0.2588   0.666139E-02   0.617827E-02  -0.105173E-02   0.000000E+00
 0.4000   85.00    90.00    80.00  -0.1736   0.846817E-02   0.785385E-02  -0.136349E-02   0.000000E+00
 0.4000   85.00    90.00    85.00  -0.0872   0.115325E-01   0.106958E-01  -0.187867E-02   0.000000E+00
 0.4000   85.00   135.00     0.00  -1.0000   0.230905E-02   0.475773E-18   0.214269E-02   0.000000E+00
 0.4000   85.00   135.00     5.00  -0.9962   0.234802E-02   0.311368E-04   0.211860E-02   0.000000E+00
 0.4000   85.00   135.00    10.00  -0.9848   0.241885E-02   0.782028E-04   0.209235E-02   0.000000E+00
 0.4000   85.00   135.00    15.00  -0.9659   0.252237E-02   0.141222E-03   0.206355E-02   0.000000E+00
 0.4000   85.00   135.00    20.00  -0.9397   0.266021E-02   0.220422E-03   0.203167E-02   0.000000E+00
 0.4000   85.00   135.00    25.00  -0.9063   0.283502E-02   0.316293E-03   0.199606E-02   0.000000E+00
 0.4000   85.00   135.00    30.00  -0.8660   0.305069E-02   0.429676E-03   0.195587E-02   0.000000E+00
 0.4000   85.00   135.00    35.00  -0.8192   0.331290E-02   0.561898E-03   0.190997E-02   0.000000E+00
 0.4000   85.00   135.00    40.00  -0.7660   0.362971E-02   0.714994E-03   0.185684E-02   0.000000E+00
 0.4000   85.00   135.00    45.00  -0.7071   0.401279E-02   0.892047E-03   0.179436E-02   0.000000E+00
 0.4000   85.00   135.00    50.00  -0.6428   0.447916E-02   0.109774E-02   0.171954E-02   0.000000E+00
 0.4000   85.00   135.00    55.00  -0.5736   0.505438E-02   0.133933E-02   0.162795E-02   0.000000E+00
 0.4000   85.00   135.00    60.00  -0.5000   0.577804E-02   0.162826E-02   0.151279E-02   0.000000E+00
 0.4000   85.00   135.00    65.00  -0.4226   0.671427E-02   0.198342E-02   0.136303E-02   0.000000E+00
 0.4000   85.00   135.00    70.00  -0.3420   0.797302E-02   0.243747E-02   0.115964E-02   0.000000E+00
 0.4000   85.00   135.00    75.00  -0.2588   0.975680E-02   0.305097E-02   0.866869E-03   0.000000E+00
 0.4000   85.00   135.00    80.00  -0.1736   0.124726E-01   0.394568E-02   0.409874E-03   0.000000E+00
 0.4000   85.00   135.00    85.00  -0.0872   0.169962E-01   0.538180E-02  -0.389085E-03   0.000000E+00
 0.4000   85.00   180.00     0.00  -1.0000   0.230905E-02  -0.214269E-02   0.000000E+00   0.000000E+00
 0.4000   85.00   180.00     5.00  -0.9962   0.236575E-02  -0.210109E-02   0.000000E+00   0.000000E+00
 0.4000   85.00   180.00    10.00  -0.9848   0.247063E-02  -0.204203E-02   0.000000E+00   0.000000E+00
 0.4000   85.00   180.00    15.00  -0.9659   0.262468E-02  -0.196606E-02   0.000000E+00   0.000000E+00
 0.4000   85.00   180.00    20.00  -0.9397   0.282992E-02  -0.187388E-02   0.000000E+00   0.000000E+00
 0.4000   85.00   180.00    25.00  -0.9063   0.308962E-02  -0.176636E-02   0.000000E+00   0.000000E+00
 0.4000   85.00   180.00    30.00  -0.8660   0.340869E-02  -0.164452E-02   0.000000E+00   0.000000E+00
 0.4000   85.00   180.00    35.00  -0.8192   0.379429E-02  -0.150952E-02   0.000000E+00   0.000000E+00
 0.4000   85.00   180.00    40.00  -0.7660   0.425673E-02  -0.136272E-02   0.000000E+00   0.000000E+00
 0.4000   85.00   180.00    45.00  -0.7071   0.481098E-02  -0.120568E-02   0.000000E+00   0.000000E+00
 0.4000   85.00   180.00    50.00  -0.6428   0.547902E-02  -0.104021E-02   0.000000E+00   0.000000E+00
 0.4000   85.00   180.00    55.00  -0.5736   0.629402E-02  -0.868449E-03   0.000000E+00   0.000000E+00
 0.4000   85.00   180.00    60.00  -0.5000   0.730755E-02  -0.693044E-03   0.000000E+00   0.000000E+00
 0.4000   85.00   180.00    65.00  -0.4226   0.860342E-02  -0.517466E-03   0.000000E+00   0.000000E+00
 0.4000   85.00   180.00    70.00  -0.3420   0.103256E-01  -0.346730E-03   0.000000E+00   0.000000E+00
 0.4000   85.00   180.00    75.00  -0.2588   0.127395E-01  -0.189074E-03   0.000000E+00   0.000000E+00
 0.4000   85.00   180.00    80.00  -0.1736   0.163789E-01  -0.605651E-04   0.000000E+00   0.000000E+00
 0.4000   85.00   180.00    85.00  -0.0872   0.223921E-01   0.000000E+00   0.000000E+00   0.000000E+00